Layer 0
 	Weights: [0.9555144082074829, 1.2370125023184526, 0.820422686411947, -0.27175444118649444, -0.479909810467691, -0.9073081731627644, 1.6863676675320947]; Output: 0.9862630175223378; Delta: -7.822824962414946e-05
 	Weights: [-1.2758878207353737, 0.19975361776008566, -0.7976409636480746, 1.91679495613996, -1.5639215361427878, 1.0230119504950235, 0.9662258723349789]; Output: 0.5923225859487031; Delta: 0.0019225248630371948
 	Weights: [-1.9184465830546842, 2.3972299443496388, 0.050019960000864776, -0.5555739567162672, -1.7713032162293068, 0.1372131122378784, 0.9739519402452351]; Output: 0.7615760324755273; Delta: -0.002076324722828502
 	Weights: [-0.3148182081337, 0.13953795253330442, 1.172935912386815, 1.6093905440201262, -1.527287134501366, -0.27750533277367745, -0.2643844375952699]; Output: 0.8288346990546925; Delta: -0.0007321031877767949
 	Weights: [0.6131007761802745, 0.4149197861087285, 1.0971651491984171, -0.18343299561045187, 0.1738603064934061, 0.5431631440555403, 0.9481289667756235]; Output: 0.9497016848885623; Delta: 0.0002689000651925909
 	Weights: [-0.4115586626227485, -0.480795903536117, 1.0959921137359734, -0.3789863607851569, -0.8264986446290306, -0.6384124504803733, 0.8102751477328594]; Output: 0.6741993722007508; Delta: -0.0017073956966572172
 	Weights: [0.2474230078253074, 0.005885655050447182, 0.007750322483083734, 0.7929338086235249, 2.1249573244030384, -0.1715493132579404, -1.452242799729971]; Output: 0.33035189500604256; Delta: 0.0019055654667608413
 	Weights: [-0.11630370587053618, -0.9672567679682256, 0.021077278598701718, 0.2040527609349446, -0.12055621309153182, 1.8557083687769698, -0.004134674325892246]; Output: 0.3339662901204552; Delta: 0.0013876867414146028
 	Weights: [-1.4979658089449528, 0.9166609226647754, 0.7198767931493174, 0.48835815596774546, -0.0932526053396714, -1.1010294532828395, 0.4289657081843944]; Output: 0.6840258490154052; Delta: -0.0014270929776812832
 	Weights: [1.553273125354597, -0.7081344391464832, -0.8859457716854914, -0.9233064963551981, -1.3994710334368017, 0.35314091574043094, -0.12184997234119148]; Output: 0.31942937572113045; Delta: -0.0017909185642230074
 	Weights: [-0.18013670342615382, 1.092633170900656, -0.7759734083845133, 0.7376227940031006, -0.12996612577515196, -0.45357072932461606, -0.5895680852723394]; Output: 0.47441114303863263; Delta: 0.00026403530504155455
 	Weights: [0.1800470836665929, 0.5600537001964796, 1.401111245899831, 0.5744559437446553, -0.7449533406207254, 0.9716021985597038, 0.7192797162855415]; Output: 0.9608949530240483; Delta: 0.00012256348341362351
 	Weights: [0.04953049812606856, 0.7111895918329308, 1.2789546089339463, 0.7788367592182699, 1.4479805834436335, -0.6964454855147832, -2.1738471805931163]; Output: 0.5526651139780793; Delta: 0.0006419855427471505
 	Weights: [0.2768496812601669, 1.417855215744577, -0.4598207361835529, 0.26596866626122967, -0.36718484625169734, 0.4835535372600479, -0.14225150172751042]; Output: 0.7699121910563133; Delta: -1.666328415337289e-05
 	Weights: [-1.0974485132957803, -1.4480772057421656, -0.5495907693965273, 1.3054250145608943, -0.37905359959727636, 0.9397216948508471, -0.46592663080211727]; Output: 0.07285118944868958; Delta: -0.00027904822367083565
 	Weights: [1.5032217568962, -1.9257918711646518, 0.8908737376726521, -0.009734542708106404, 0.7505853831943788, 0.6599240741690316, -1.2818567645898276]; Output: 0.318844740805244; Delta: 0.0010356644554866852
Layer 1
 	Weights: [-0.3386819329945296, 1.4728578639544545, -0.25491023959551257, 0.19520739664828868, -0.7151957421110526, 0.4671351096592061, -0.9546191747570912, -1.22610016131779, -0.3322869852430554, -2.4726473830513065, 1.0953358722031445, 0.4346469632978355, 0.8471814795629816, 0.20612678862303116, 0.5844777447586716, 1.1346217859021792, 1.299313098828025, 0.47511922009563895]; Output: 0.6991927735885245; Delta: 0.0020473180176872846
 	Weights: [-1.5267244315349107, 0.6514705744320449, -1.0814870742356182, 0.9979669594535612, -1.1300056211631304, 0.6399279760553838, -2.5534261234061217, -0.5818790945189103, 0.015917467966939512, -0.866982816904357, 0.11316398015213987, 0.34635356649691873, -0.3131477938738506, -1.1520733793532467, 0.916556649467517, 0.1851255231244573, 0.12082728010382236, -0.718232805991951]; Output: 0.013022172379029041; Delta: 6.898108441414025e-05
 	Weights: [0.6775513869093467, 0.6098800723093802, -0.010750468144784546, 1.5627366861346166, -0.7225238253154264, 1.8582780528507663, -0.48674777033871985, -0.8855240238159935, 0.4127329752684212, -0.15409909765284507, -0.13077663682394075, -0.3495515194402683, -1.4141389257465098, -0.3049468940918121, -0.03510593715673275, -0.05236196386915648, -0.9755679284453136, -0.26720500914511564]; Output: 0.7229363488579618; Delta: -0.003643490762394966
 	Weights: [-0.9061917420037751, 0.6645841624838754, -1.4416689237480134, 1.5433723230422653, 0.4537738076853988, -3.249177370037856, 0.7166966634384158, 1.016188200629496, -0.891504878470439, -0.4945027867114123, 0.20732237298564285, -0.9522731710775935, 0.5063560941620467, 1.5648672599447842, 0.42625061874421594, -0.272860261826753, -1.357104205489283, 0.5030138928910584]; Output: 0.23956403506603624; Delta: 0.001601630228189917
 	Weights: [-0.39148925855096495, -0.19257825923030283, -0.133742914562289, 0.2670762913879682, 1.8648203855414671, 0.8634631534524442, -2.2159351300029893, 0.1722976937096498, -0.5461957863644168, 0.636566122536003, -0.49748289717210364, -0.6537910368835711, 0.0752027791152119, 0.08320251648047379, 0.07995479600856244, -2.340476747865464, 0.3420143955608152, -0.7010764888105738]; Output: 0.2549487696677887; Delta: -0.00046487535235919435
 	Weights: [2.0820799048428085, 1.8955484755947911, -0.8787439534580113, 0.2445926755624154, 0.6396547888508094, -0.5184855077689052, 0.35763304126874434, -0.8988578208126595, 0.15413178877082517, -1.2680971382147799, 1.4160914629151296, -0.3222921204326613, 0.8469670918331064, -1.1513369467738404, -0.9474727584158608, -1.2549793314471074, -1.1006079650675185, 0.7649623674968432]; Output: 0.9385184143424604; Delta: -0.000372737503193552
 	Weights: [2.7305198300611977, 0.4540483657762882, -0.12709689206406105, -0.1815149741212104, 0.8971813388148121, -0.6967337180128924, -1.5828969934355592, 0.23760714773669964, 0.6818063938926676, -1.0156052685691617, -0.020452001079685676, 0.764475020135496, 0.472032742466372, -1.2644829267753244, -0.7965652756125344, 0.4122099244347909, 1.6717069839190473, -0.3762437465748348]; Output: 0.9244775773799254; Delta: 0.000339524138773583
 	Weights: [0.4992458981925378, 0.7220817456474913, 0.67798201471894, -1.3778016898895453, 0.355859107565683, 0.7537155860731668, -0.547066428740541, 0.07246718692555124, -0.49511830050085787, 1.478981866254126, -0.060925883014664825, -0.5517178602436048, 1.6092139250281579, 0.11333161363506905, -0.2794329421866513, -1.713068027996541, -0.33024781758018745, 0.7324745333641711]; Output: 0.8457026340416344; Delta: 0.0003063371243842788
 	Weights: [-0.6728260032469263, -0.2670381586548863, -0.9017223474650676, 0.4926814316915841, -0.7324798771341386, -0.2300599203539759, 0.20007545447376812, 0.4330077096784458, -1.6842908571389419, 0.37553237497658665, -0.3693015623131053, -1.0449543204550982, -0.7718997476154796, -2.007861448772565, -1.7860166865903555, 0.7680476382823211, -1.1382748189081202, 1.3304243098854154]; Output: 0.011218735876591909; Delta: -7.973190752516155e-05
 	Weights: [0.11980931355790007, 1.9047982302209754, -0.23467240713764556, -1.346583878420473, -0.7988261116058296, 2.204947228390078, -0.44776336913436576, 2.3303293372629046, -0.1680892186147794, 0.45887958285059144, -1.207542582479774, -1.0548959777711358, 0.16496892915536995, -1.623275305427235, -0.20972406309171443, 0.105290578906547, 0.3155607806732315, 0.199999500037407]; Output: 0.23408863577050684; Delta: 0.0011641043970143203
 	Weights: [0.05431808641726649, 0.5086031789119749, 0.5639231456322816, 0.34858622341899564, 1.5143958613889197, -0.0751479478918694, 0.7821892624384463, 0.8319184348209565, -1.8534491749903115, 1.5906033151425782, 0.38244692683978504, 1.0199143081330957, 0.10087010965993856, -0.20177276218094164, -0.7332757751603461, -0.002319180283228498, -0.30245929692033097, 0.9229279106802137]; Output: 0.9847517403535956; Delta: 5.721515259934734e-06
 	Weights: [-0.024474326081702035, 0.9929303063898615, -2.0165296545784477, 0.521852404107469, 0.8874275319003939, 0.485548648829171, 1.0888073648293959, 0.3200645207402658, -0.9841309212294678, -0.5326163071477147, 0.28012723826305763, 0.5342386474524301, -1.2658467846172463, -0.18359779167187937, -1.0132018324562513, -0.1283565670036057, 0.2892131018626891, -0.43013838745854105]; Output: 0.38098528929168396; Delta: 0.003930767848898494
 	Weights: [0.44028381958452295, -0.4918565762483617, 0.06948552310273673, 0.38176641576267695, -0.9339955959717214, 0.7423305315353165, -2.0751260870571255, 0.729356824720333, -0.8402037138578227, 0.95446457163705, 0.13354616902146763, 0.21636237123039084, -0.5195462923554257, 0.7241206133776419, 1.671943561461633, -1.2506830662366797, 1.0847339504117777, 0.606194063440777]; Output: 0.5707166986331337; Delta: -0.0015295687351537849
 	Weights: [1.3185150707671174, -0.5874899092073956, 1.64247545525838, -0.4771588745161724, -1.8939933597265197, 0.5217195451238529, -1.4525554743114821, 0.41273712830295683, 0.36842345754703487, -0.49920198491306406, 0.8570229614596574, -0.048891061040656644, 2.163618810873655, -0.008658498297271834, 0.5989057395532523, -0.466791747150975, -1.7992902959245864, 0.2031024389909031]; Output: 0.8529522885671398; Delta: -0.0009963635123780173
 	Weights: [-1.025313656312218, -0.06654663028100952, 0.4890592143280009, 0.139209099996558, 0.12668346635654437, 0.3354952682232853, -0.041841350926834324, 1.3947055466921532, -2.367196910029148, -0.7938023229958463, -0.7782264728533439, -0.2824011992791316, 0.46243920956926154, -1.0754903064322863, -1.1684697949385114, -0.1985664942033092, 0.49180352926292825, -2.2049352570252903]; Output: 0.005467126885333837; Delta: -4.124895142243624e-05
 	Weights: [-0.2914229025993863, 2.0012874150199025, 0.40544560537584734, 0.7013796290921209, 1.256046833483997, -0.8285866738065473, 0.2947711239284266, -1.7892361934905223, -0.20734017420233228, 0.08085994660894504, 0.5380240687172322, -1.4561879214464155, -1.079676356073165, 0.8446124494603473, 1.3991071180055248, 0.8016351396954723, 0.602933777175223, 1.024868982999943]; Output: 0.8907221723301948; Delta: -0.0006400468439668138
Layer 2
 	Weights: [1.719430292553492, 0.8885531664844789, 0.905303996099802, -0.15600234995662152, 0.34908881201980796, -2.203648277712346, -0.4889611086764443, 0.09043428717426301, 0.2411768695904605, -1.4855457864224642, -0.17705378880140976, 0.7610835609698315, -0.703174065494412, 0.07054047401658083, -0.31248472547215544, -2.088945821033499, -1.3238983536099571, -0.5864901204822919]; Output: 0.02810556703087071; Delta: 5.5246861046595345e-05
 	Weights: [0.34710786994089826, -0.4713836112507096, 0.8795201365060568, -3.7707998212898013, 0.2882006048846236, 1.036203924745693, -2.2408690402261175, -0.7160325585285159, -0.41634913672200785, -1.3294897159366306, -0.5130694936540092, 0.09046115627171601, 0.8043066101263232, -0.9604857876880492, 0.25398178010552336, -0.0841491580318899, 0.9197134966344114, -1.7216782027858772]; Output: 0.00990955769720869; Delta: 0.00012211500852180601
 	Weights: [0.03327958911589057, -0.11449127305257659, -1.0233931167653858, -0.9911070848967745, -2.229301705351737, -0.5277076009442211, -1.8841332543489715, 1.6463639080927859, 0.5335105484639034, 2.141419600681432, 2.4662206660039785, 1.3216732708814067, -1.0305096406528147, 0.547303182767421, 0.1308609028697345, 1.1865504824661257, -0.8927263239430031, 0.5537219627647743]; Output: 0.928296370628345; Delta: 0.0008467956577071874
 	Weights: [0.9307580929303284, -0.158859372961509, 0.6256580282863762, 0.5491516309285455, 0.42776200061616765, 0.8956818826065306, 0.5837334829003354, 0.12701610041136352, -0.7226829589820891, 1.630450850838914, -1.4647088219878557, 0.49652762961537183, 0.21051809655129208, -0.9533131573520194, 0.1683913945728154, 0.8708734957292549, -1.139989649625788, 0.31396154955731675]; Output: 0.9127176165694441; Delta: 0.0018465768579331051
 	Weights: [1.3593499854458253, 0.9327032116466921, 2.0641294635353695, -0.9696454943364222, -0.6303424705655417, 0.4111444312517891, 0.2685285908807261, 1.4299116475369122, -1.5075899130858939, 0.6092560941002986, 0.9049869672821795, 1.4002655848277377, -0.8315693118060989, 0.2961818662563712, -0.3280382209784407, 0.12441155540835239, 2.1613430838927714, -0.4305387674091512]; Output: 0.9926968750927196; Delta: -3.6422836747725225e-06
 	Weights: [0.042331483612938745, -2.2449421670717222, 0.021668380796178006, 0.025297775842433222, 0.23794191666792738, 0.7422565606821062, -1.9448601638590828, 0.8199229906162689, 1.095933527815986, -0.6263753231963853, 0.5008150557169708, -0.051614456352393916, 0.10385979648557514, 0.037822810504493716, 1.4444111909067456, 0.8042058185276614, 0.3960613123802418, 0.7464791665939862]; Output: 0.8286688345677398; Delta: -0.0010769687394129087
 	Weights: [1.264764685193976, 1.4591662161611987, 0.3876094512819697, 0.8175708901365432, -0.09787240581159237, -0.8386908296319434, 0.3677751669201658, 0.5807246361124377, 0.751566654114065, -0.49829071944898007, 1.849809592344478, 1.904520754692917, -0.48267198064753786, -0.4428841140394226, 0.3361097359270629, -0.31373918833395, -0.26859790608814976, -1.3528509069295411]; Output: 0.8254508928220314; Delta: -0.0005625572182258605
 	Weights: [-0.4607712081124697, 0.5162485482404305, 2.4837599175742486, -0.8832694011115598, 0.1469906365761064, 0.3447625825582616, -0.39831724115186307, 0.16173101760399897, 0.1465862359535625, 0.09139379606689647, -0.9361746859544242, -1.224552283357136, 1.5866535675797246, 0.582764048037245, -0.26607325632060586, 1.1017484796155348, 0.6341446693208924, -0.9139316654802631]; Output: 0.817769094649824; Delta: -0.005303398488907691
 	Weights: [0.2653930098807728, 0.16614804315047613, -0.798799000459706, 0.0009475958290404322, -0.6275526958487416, 1.0175397180713326, 1.9902031143455161, -1.8827534299813529, 1.515023912475884, -0.6652803367595033, 0.23556052099269106, 0.4418277580308641, 1.1372306218866077, -1.075156013802696, -0.21843017925511746, -0.7494140455385939, 0.7960835550773748, -0.46695807811618123]; Output: 0.38012295046200817; Delta: 0.0016163252746641788
 	Weights: [0.04480321407568967, -0.46072325091287764, 0.09688599511772161, 0.09182393046028307, 0.8848423020254744, 1.1182145569156343, 1.856519716657817, -1.4740796696736163, 0.34783621188511055, -0.779633248615223, 1.1999460600177942, 0.28684899815765436, 0.3659646739729533, 1.5213819169948322, 1.679108501451461, 1.0737299994505134, -1.3834980350151636, -0.21416092945475887]; Output: 0.9946875441000705; Delta: 4.320266008702852e-06
 	Weights: [0.6422523128579068, -0.2656023377251877, 0.9282158071008567, -0.46693342561482415, 1.20760725823508, -1.9115531768711598, -2.1217690085820515, 0.0910768716031548, 0.00921155053501391, -0.9583498692103952, 1.7549326712063742, -1.1218580851986095, -1.066735489044994, -1.1845328822704104, -0.6641227009975545, 0.09358478005634394, -0.5140391317347859, -0.26475504961200874]; Output: 0.04337495186839655; Delta: -0.00018483510218132747
 	Weights: [0.81615481612604, -0.9850702712482102, 0.04051708367655481, 1.0172814198334144, -1.262767116762453, 0.4431395761685531, -0.7698877244101329, 0.36889108905452467, 0.15999620933186046, -1.875864877891072, 0.9474485944470321, -0.17136624412441043, -0.2781235008579736, -0.18647783200235035, -0.8650182521111704, -0.7047219005912689, 1.539801396715029, 1.4133853449719538]; Output: 0.8051105846969181; Delta: -0.0004472179309483734
 	Weights: [-2.0596880285919443, -0.7341463738777136, 0.7303145367464144, -1.8122450502476286, -0.13109217589175082, 0.8407897538790586, 1.4038270603072152, -1.1753205322711582, 1.5262692813850591, 0.8300444312049072, 0.6959024136507108, -0.8769121192868721, -0.09694867258141482, -0.6700898035289354, 1.1426258293593354, -0.8388543574167526, -0.5324376640296891, 0.47129859223817167]; Output: 0.3474548926936866; Delta: -0.002958845160115944
 	Weights: [-1.193716550929679, 0.9984897870817026, -0.6662189143412953, -0.8626944703214993, -1.332075759766467, -1.6864466908732896, -0.4249775865207721, 0.9878514651734385, -0.29599369124095176, 0.606361536058695, 1.5072904201563877, 1.8930602624805217, -0.8371026173243005, -0.6827845293439642, 1.1140823182013981, -2.6334455682374807, -0.6710369372462555, -1.0346685584611128]; Output: 0.0061815441884110305; Delta: 5.124199958988077e-05
 	Weights: [0.7326890276911621, -2.648979789368363, 0.293530834965479, -1.4929959201391831, -0.3861811957707549, -0.45086910921293144, 1.478468912450852, 0.0825834221472539, 0.46368156887586737, -0.05260731791997108, 0.15037398230870477, -1.9988547588869445, 0.1524717760288261, 0.40417516054188923, -0.30640770547606033, -0.49488507488638417, 1.567863153679902, -0.7120730624910298]; Output: 0.4760232245815424; Delta: -0.00144776716041531
 	Weights: [0.024314766452964817, -0.5928911729679557, -0.14056623279900438, -0.056046753957444705, 0.191553870130295, 1.2043777020717075, -1.538974876279264, -1.197009323924705, -0.1078459645993788, -1.5983268519253873, -0.11182704078309766, -1.4918269132212472, -0.01770490561068024, 1.4929544965902808, 1.593578238803377, 1.2400518516988395, 0.6834499241737315, 0.05329829707651979]; Output: 0.5035896470005881; Delta: -0.0023957189318234632
Layer 3
 	Weights: [0.18008665386302203, 0.8621308239799899, 0.9833167164347264, 1.547263926642853, -0.030059853714669793, -0.6087605514194362, -0.2700083383876986, -3.0537290972986235, 0.5663352236519833, 0.059926882676548006, -0.3454869111162886, -0.20975550098099338, -0.988668051721296, 0.5262576294392213, -0.47436870170258727, -0.7847237904747829, -0.04761106865563211]; Output: 0.1378055595589322; Delta: 0.012212602216535797

LOSS = 388.6367491531471