Layer 0
 	Weights: [-0.009735152246794164, 0.5254399661676049, -0.34717307024270483, 0.10609471395753226, 0.06547727928629384, -1.5607089874077784, 0.18262554298531597]; Output: 0.5844406116722541; Delta: -0.0023432464923556664
 	Weights: [0.3064398022215804, 0.3262627782317335, 0.039397728345309635, 0.37559218976244296, 0.17337209214706778, -0.9268288634130138, -1.7916980911801972]; Output: 0.23949502566854886; Delta: 0.0015907811007448511
 	Weights: [-1.3769358948468815, 1.8157519581186727, -0.9004790088077972, -1.0453742453674266, 0.22907708068854898, -0.19125951646232706, -0.5984014687939685]; Output: 0.27295500790505406; Delta: -0.0006557846073469971
 	Weights: [-0.11006164014440813, 1.362873257915974, 1.412798833329966, 0.11807746148664812, -1.0790309571734562, -2.9216795661498196, -0.782207292790801]; Output: 0.8589801007369255; Delta: -0.0014448062675576877
 	Weights: [-0.44952725802641674, -0.6378577276292953, -0.5350466673164773, 0.02858556431575732, -2.1781357459617414, 0.1802277444051859, 0.2163654418558443]; Output: 0.20633359165299223; Delta: 5.071760372532711e-05
 	Weights: [-0.4061278922643473, 0.1915512819659433, 0.42773617432076416, -0.6760952378744447, 0.776219254185665, -0.9915944637823098, 1.0688939938620903]; Output: 0.7850218737942201; Delta: 0.0008767724467809134
 	Weights: [-0.07982829344963877, -0.2370767873455049, -0.3071708161051858, -0.6257318073669909, 1.7492617543453217, -2.7622279160870145, -1.2826993873076455]; Output: 0.13082765990655437; Delta: -0.0001738919297863823
 	Weights: [0.204082610701351, -0.6702750062253036, 1.234309263092345, 0.2952498031751956, 0.6656079461054243, 0.17739167280419238, -0.7379665474119217]; Output: 0.5008135492573066; Delta: 0.0029721597977632372
Layer 1
 	Weights: [0.12489010345374406, 0.7293684360299311, -2.991853596223642, 0.4115387654887491, 1.6916546116030882, -0.24919360362240114, 1.3303754500755949, 0.3685334161675984, -1.3546827909751664, -0.4096978217240104]; Output: 0.4717487482119641; Delta: -0.0007810911096787352
 	Weights: [0.5727304030823082, 0.2374963038680593, -0.4307428832634704, 1.1618832129406227, -0.06935058426102465, -0.41806849202519514, -0.745059754004152, -1.1437006454303065, -0.6643706077890635, 0.5431359061424077]; Output: 0.6904973881079515; Delta: -0.002422124639336077
 	Weights: [-1.0855561626178774, 0.7505129538679961, 0.6121799882074711, -1.2611151248451369, 0.8955882398002005, 2.0318554488635865, -0.0597991342278587, 1.9099057669252688, -0.5593940398636763, -0.8041317571405648]; Output: 0.6349514697056947; Delta: 0.0029391610468039327
 	Weights: [0.673306307761819, -0.4655878402784471, 0.2041496818164145, 0.5068737205190762, -0.7841859815598456, 0.2572938179042011, 1.8620526869006393, -1.7255274378662682, 0.5992122858650745, -1.7593462962853001]; Output: 0.17270037732902813; Delta: 0.00047782944025202904
 	Weights: [-1.4069597253860213, 1.3600784904569774, -1.3986861698814674, -0.37091436188623894, -0.23338824059491942, -0.36778914407491664, 1.4563155476179825, -0.3143311397490846, -0.5876574805547515, 1.5988892454917085]; Output: 0.524524586788713; Delta: 0.001526196125425184
 	Weights: [0.04522803569367025, -0.810234122774012, 2.5922693594605084, 2.827325373614482, 0.9687193825811448, -1.3560219439048813, 1.5554810618553208, -0.41477682203128474, 0.06431082017866843, -0.20094396590364902]; Output: 0.8697531327973111; Delta: -0.0013771053522991128
 	Weights: [1.2250997693823158, -2.234719058292447, 1.5254645700328728, -0.6692283831234423, -0.33369213823491284, 0.4825394680314284, 0.8623175933876387, -1.9166289596145187, 0.6630788221028652, -1.5055477954567007]; Output: 0.11708475625385018; Delta: -0.001174267997897443
 	Weights: [-1.0723064518156533, 1.364100048965134, -0.7143045829855336, -0.9723210246463498, 0.32780830879123096, -1.8649313725212644, -1.3522484092531917, 1.484085596735134, 0.9372984151638432, 0.5075064916081076]; Output: 0.16074294469587366; Delta: 0.0015330665226984713
Layer 2
 	Weights: [-0.5141209823614702, -1.858438057468051, 2.0804949581864824, 0.5488302887475288, 1.00418534253169, -1.9851625359476461, -1.8613983363403497, 1.8609388849333137, -1.1966676746020346]; Output: 0.08126041574115234; Delta: 0.006094992177650396

LOSS = 424.75674132858916