Layer 0
 	Weights: [-1.7810065079152886, -0.873280941085961, -0.15151040880997413, -0.28338877217002484, 0.5077765882338633, -0.8006907261514818, 1.20942561103686]; Output: 0.16054887340708116; Delta: 0.002527035411809267
 	Weights: [-0.12200939346098456, 0.046659059092656045, 0.6047324432152992, 0.040524023230721504, -0.1650488357470023, -0.9173558572311745, 0.393711002421636]; Output: 0.6968483047429007; Delta: -0.006167304304569086
 	Weights: [0.6339582041488169, -1.8699009150696748, 1.273259977461177, -0.9097072065610258, 1.6254636084165386, 1.8120024266434454, -1.7369469704261675]; Output: 0.12318671814436623; Delta: 0.009400023931349578
 	Weights: [-0.7171019527464942, 0.8853646199436505, 0.4908473442832035, -2.395419772472198, -0.23171958751280847, -0.7608174060035117, 0.4583741384157469]; Output: 0.4095002926840143; Delta: -0.0033110791115697276
Layer 1
 	Weights: [-1.3379498148918354, 0.2844852282863358, -1.3781447597928536, 1.2832570676132886, 1.4015052604572014, -0.22705566665062862]; Output: 0.527997199688029; Delta: -0.01148761645529242
 	Weights: [2.564121150589916, -0.7945310117560517, 1.501142407020656, 1.564685723825401, 0.11332086850874404, -0.527511019460288]; Output: 0.5389579308558152; Delta: 0.004346964099747441
 	Weights: [-1.2701707667381892, -0.5241283532774408, 2.1267983422012495, -1.0498645735292476, 0.42547103622692123, -0.07454479524793617]; Output: 0.3075424569222279; Delta: 0.010869946502061759
 	Weights: [-0.7527346750432289, 2.2133654165407144, -2.2669232240715376, -0.7744241268364862, -0.2947572821363346, -0.7202915147592239]; Output: 0.5261900034481446; Delta: -0.007128465235633429
Layer 2
 	Weights: [-2.220895427815224, 0.9011268027289993, 2.4906580285609285, -1.3756910938553581, -1.0988680589856143]; Output: 0.1488414215472363; Delta: 0.021030138142437593

LOSS = 367.1371850370803