Layer 0
 	Weights: [9.634485370099415e-08, -8.063047111918926e-07, 5.3633097830280656e-08, 5.317010139791972e-07, 2.440763107576487e-06, 2.243579166808928e-06, 7.831300385663669e-08]; Output: 0.500000020410463; Delta: -5.006681475076318e-07
 	Weights: [9.634485370099415e-08, -8.063047111918926e-07, 5.3633097830280656e-08, 5.317010139791972e-07, 2.440763107576487e-06, 2.243579166808928e-06, 7.831300385663669e-08]; Output: 0.500000020410463; Delta: -5.006681475076318e-07
 	Weights: [9.634485370099415e-08, -8.063047111918926e-07, 5.3633097830280656e-08, 5.317010139791972e-07, 2.440763107576487e-06, 2.243579166808928e-06, 7.831300385663669e-08]; Output: 0.500000020410463; Delta: -5.006681475076318e-07
 	Weights: [9.634485370099415e-08, -8.063047111918926e-07, 5.3633097830280656e-08, 5.317010139791972e-07, 2.440763107576487e-06, 2.243579166808928e-06, 7.831300385663669e-08]; Output: 0.500000020410463; Delta: -5.006681475076318e-07
 	Weights: [9.634485370099415e-08, -8.063047111918926e-07, 5.3633097830280656e-08, 5.317010139791972e-07, 2.440763107576487e-06, 2.243579166808928e-06, 7.831300385663669e-08]; Output: 0.500000020410463; Delta: -5.006681475076318e-07
 	Weights: [9.634485370099415e-08, -8.063047111918926e-07, 5.3633097830280656e-08, 5.317010139791972e-07, 2.440763107576487e-06, 2.243579166808928e-06, 7.831300385663669e-08]; Output: 0.500000020410463; Delta: -5.006681475076318e-07
 	Weights: [9.634485370099415e-08, -8.063047111918926e-07, 5.3633097830280656e-08, 5.317010139791972e-07, 2.440763107576487e-06, 2.243579166808928e-06, 7.831300385663669e-08]; Output: 0.500000020410463; Delta: -5.006681475076318e-07
 	Weights: [9.634485370099415e-08, -8.063047111918926e-07, 5.3633097830280656e-08, 5.317010139791972e-07, 2.440763107576487e-06, 2.243579166808928e-06, 7.831300385663669e-08]; Output: 0.500000020410463; Delta: -5.006681475076318e-07
 	Weights: [9.634485370099415e-08, -8.063047111918926e-07, 5.3633097830280656e-08, 5.317010139791972e-07, 2.440763107576487e-06, 2.243579166808928e-06, 7.831300385663669e-08]; Output: 0.500000020410463; Delta: -5.006681475076318e-07
 	Weights: [9.634485370099415e-08, -8.063047111918926e-07, 5.3633097830280656e-08, 5.317010139791972e-07, 2.440763107576487e-06, 2.243579166808928e-06, 7.831300385663669e-08]; Output: 0.500000020410463; Delta: -5.006681475076318e-07
 	Weights: [9.634485370099415e-08, -8.063047111918926e-07, 5.3633097830280656e-08, 5.317010139791972e-07, 2.440763107576487e-06, 2.243579166808928e-06, 7.831300385663669e-08]; Output: 0.500000020410463; Delta: -5.006681475076318e-07
 	Weights: [9.634485370099415e-08, -8.063047111918926e-07, 5.3633097830280656e-08, 5.317010139791972e-07, 2.440763107576487e-06, 2.243579166808928e-06, 7.831300385663669e-08]; Output: 0.500000020410463; Delta: -5.006681475076318e-07
 	Weights: [9.634485370099415e-08, -8.063047111918926e-07, 5.3633097830280656e-08, 5.317010139791972e-07, 2.440763107576487e-06, 2.243579166808928e-06, 7.831300385663669e-08]; Output: 0.500000020410463; Delta: -5.006681475076318e-07
 	Weights: [9.634485370099415e-08, -8.063047111918926e-07, 5.3633097830280656e-08, 5.317010139791972e-07, 2.440763107576487e-06, 2.243579166808928e-06, 7.831300385663669e-08]; Output: 0.500000020410463; Delta: -5.006681475076318e-07
 	Weights: [9.634485370099415e-08, -8.063047111918926e-07, 5.3633097830280656e-08, 5.317010139791972e-07, 2.440763107576487e-06, 2.243579166808928e-06, 7.831300385663669e-08]; Output: 0.500000020410463; Delta: -5.006681475076318e-07
 	Weights: [9.634485370099415e-08, -8.063047111918926e-07, 5.3633097830280656e-08, 5.317010139791972e-07, 2.440763107576487e-06, 2.243579166808928e-06, 7.831300385663669e-08]; Output: 0.500000020410463; Delta: -5.006681475076318e-07
Layer 1
 	Weights: [0.0001463852913086309, 0.0001463852913086309, 0.0001463852913086309, 0.0001463852913086309, 0.0001463852913086309, 0.0001463852913086309, 0.0001463852913086309, 0.0001463852913086309, 0.0001463852913086309, 0.0001463852913086309, 0.0001463852913086309, 0.0001463852913086309, 0.0001463852913086309, 0.0001463852913086309, 0.0001463852913086309, 0.0001463852913086309, 0, 0.00029276656395042517]; Output: 0.5003659621702058; Delta: -0.0008575639241525626
 	Weights: [0.0001463852913086309, 0.0001463852913086309, 0.0001463852913086309, 0.0001463852913086309, 0.0001463852913086309, 0.0001463852913086309, 0.0001463852913086309, 0.0001463852913086309, 0.0001463852913086309, 0.0001463852913086309, 0.0001463852913086309, 0.0001463852913086309, 0.0001463852913086309, 0.0001463852913086309, 0.0001463852913086309, 0.0001463852913086309, 0, 0.00029276656395042517]; Output: 0.5003659621702058; Delta: -0.0008575639241525626
 	Weights: [0.0001463852913086309, 0.0001463852913086309, 0.0001463852913086309, 0.0001463852913086309, 0.0001463852913086309, 0.0001463852913086309, 0.0001463852913086309, 0.0001463852913086309, 0.0001463852913086309, 0.0001463852913086309, 0.0001463852913086309, 0.0001463852913086309, 0.0001463852913086309, 0.0001463852913086309, 0.0001463852913086309, 0.0001463852913086309, 0, 0.00029276656395042517]; Output: 0.5003659621702058; Delta: -0.0008575639241525626
 	Weights: [0.0001463852913086309, 0.0001463852913086309, 0.0001463852913086309, 0.0001463852913086309, 0.0001463852913086309, 0.0001463852913086309, 0.0001463852913086309, 0.0001463852913086309, 0.0001463852913086309, 0.0001463852913086309, 0.0001463852913086309, 0.0001463852913086309, 0.0001463852913086309, 0.0001463852913086309, 0.0001463852913086309, 0.0001463852913086309, 0, 0.00029276656395042517]; Output: 0.5003659621702058; Delta: -0.0008575639241525626
 	Weights: [0.0001463852913086309, 0.0001463852913086309, 0.0001463852913086309, 0.0001463852913086309, 0.0001463852913086309, 0.0001463852913086309, 0.0001463852913086309, 0.0001463852913086309, 0.0001463852913086309, 0.0001463852913086309, 0.0001463852913086309, 0.0001463852913086309, 0.0001463852913086309, 0.0001463852913086309, 0.0001463852913086309, 0.0001463852913086309, 0, 0.00029276656395042517]; Output: 0.5003659621702058; Delta: -0.0008575639241525626
 	Weights: [0.0001463852913086309, 0.0001463852913086309, 0.0001463852913086309, 0.0001463852913086309, 0.0001463852913086309, 0.0001463852913086309, 0.0001463852913086309, 0.0001463852913086309, 0.0001463852913086309, 0.0001463852913086309, 0.0001463852913086309, 0.0001463852913086309, 0.0001463852913086309, 0.0001463852913086309, 0.0001463852913086309, 0.0001463852913086309, 0, 0.00029276656395042517]; Output: 0.5003659621702058; Delta: -0.0008575639241525626
 	Weights: [0.0001463852913086309, 0.0001463852913086309, 0.0001463852913086309, 0.0001463852913086309, 0.0001463852913086309, 0.0001463852913086309, 0.0001463852913086309, 0.0001463852913086309, 0.0001463852913086309, 0.0001463852913086309, 0.0001463852913086309, 0.0001463852913086309, 0.0001463852913086309, 0.0001463852913086309, 0.0001463852913086309, 0.0001463852913086309, 0, 0.00029276656395042517]; Output: 0.5003659621702058; Delta: -0.0008575639241525626
 	Weights: [0.0001463852913086309, 0.0001463852913086309, 0.0001463852913086309, 0.0001463852913086309, 0.0001463852913086309, 0.0001463852913086309, 0.0001463852913086309, 0.0001463852913086309, 0.0001463852913086309, 0.0001463852913086309, 0.0001463852913086309, 0.0001463852913086309, 0.0001463852913086309, 0.0001463852913086309, 0.0001463852913086309, 0.0001463852913086309, 0, 0.00029276656395042517]; Output: 0.5003659621702058; Delta: -0.0008575639241525626
 	Weights: [0.0001463852913086309, 0.0001463852913086309, 0.0001463852913086309, 0.0001463852913086309, 0.0001463852913086309, 0.0001463852913086309, 0.0001463852913086309, 0.0001463852913086309, 0.0001463852913086309, 0.0001463852913086309, 0.0001463852913086309, 0.0001463852913086309, 0.0001463852913086309, 0.0001463852913086309, 0.0001463852913086309, 0.0001463852913086309, 0, 0.00029276656395042517]; Output: 0.5003659621702058; Delta: -0.0008575639241525626
 	Weights: [0.0001463852913086309, 0.0001463852913086309, 0.0001463852913086309, 0.0001463852913086309, 0.0001463852913086309, 0.0001463852913086309, 0.0001463852913086309, 0.0001463852913086309, 0.0001463852913086309, 0.0001463852913086309, 0.0001463852913086309, 0.0001463852913086309, 0.0001463852913086309, 0.0001463852913086309, 0.0001463852913086309, 0.0001463852913086309, 0, 0.00029276656395042517]; Output: 0.5003659621702058; Delta: -0.0008575639241525626
 	Weights: [0.0001463852913086309, 0.0001463852913086309, 0.0001463852913086309, 0.0001463852913086309, 0.0001463852913086309, 0.0001463852913086309, 0.0001463852913086309, 0.0001463852913086309, 0.0001463852913086309, 0.0001463852913086309, 0.0001463852913086309, 0.0001463852913086309, 0.0001463852913086309, 0.0001463852913086309, 0.0001463852913086309, 0.0001463852913086309, 0, 0.00029276656395042517]; Output: 0.5003659621702058; Delta: -0.0008575639241525626
 	Weights: [0.0001463852913086309, 0.0001463852913086309, 0.0001463852913086309, 0.0001463852913086309, 0.0001463852913086309, 0.0001463852913086309, 0.0001463852913086309, 0.0001463852913086309, 0.0001463852913086309, 0.0001463852913086309, 0.0001463852913086309, 0.0001463852913086309, 0.0001463852913086309, 0.0001463852913086309, 0.0001463852913086309, 0.0001463852913086309, 0, 0.00029276656395042517]; Output: 0.5003659621702058; Delta: -0.0008575639241525626
 	Weights: [0.0001463852913086309, 0.0001463852913086309, 0.0001463852913086309, 0.0001463852913086309, 0.0001463852913086309, 0.0001463852913086309, 0.0001463852913086309, 0.0001463852913086309, 0.0001463852913086309, 0.0001463852913086309, 0.0001463852913086309, 0.0001463852913086309, 0.0001463852913086309, 0.0001463852913086309, 0.0001463852913086309, 0.0001463852913086309, 0, 0.00029276656395042517]; Output: 0.5003659621702058; Delta: -0.0008575639241525626
 	Weights: [0.0001463852913086309, 0.0001463852913086309, 0.0001463852913086309, 0.0001463852913086309, 0.0001463852913086309, 0.0001463852913086309, 0.0001463852913086309, 0.0001463852913086309, 0.0001463852913086309, 0.0001463852913086309, 0.0001463852913086309, 0.0001463852913086309, 0.0001463852913086309, 0.0001463852913086309, 0.0001463852913086309, 0.0001463852913086309, 0, 0.00029276656395042517]; Output: 0.5003659621702058; Delta: -0.0008575639241525626
 	Weights: [0.0001463852913086309, 0.0001463852913086309, 0.0001463852913086309, 0.0001463852913086309, 0.0001463852913086309, 0.0001463852913086309, 0.0001463852913086309, 0.0001463852913086309, 0.0001463852913086309, 0.0001463852913086309, 0.0001463852913086309, 0.0001463852913086309, 0.0001463852913086309, 0.0001463852913086309, 0.0001463852913086309, 0.0001463852913086309, 0, 0.00029276656395042517]; Output: 0.5003659621702058; Delta: -0.0008575639241525626
 	Weights: [0.0001463852913086309, 0.0001463852913086309, 0.0001463852913086309, 0.0001463852913086309, 0.0001463852913086309, 0.0001463852913086309, 0.0001463852913086309, 0.0001463852913086309, 0.0001463852913086309, 0.0001463852913086309, 0.0001463852913086309, 0.0001463852913086309, 0.0001463852913086309, 0.0001463852913086309, 0.0001463852913086309, 0.0001463852913086309, 0, 0.00029276656395042517]; Output: 0.5003659621702058; Delta: -0.0008575639241525626
Layer 2
 	Weights: [-0.03479459634995788, -0.03479459634995788, -0.03479459634995788, -0.03479459634995788, -0.03479459634995788, -0.03479459634995788, -0.03479459634995788, -0.03479459634995788, -0.03479459634995788, -0.03479459634995788, -0.03479459634995788, -0.03479459634995788, -0.03479459634995788, -0.03479459634995788, -0.03479459634995788, -0.03479459634995788, -0.06957335304270496]; Output: 0.4138350282147042; Delta: 0.09872609143204372

LOSS = 1603.0801560235805