Layer 0
 	Weights: [-2.3579985727810087, -0.6391576665495288, -0.2763309291244757, 1.023291436690354, 0.7433365431571978, -0.5131430635542706, -0.0976796911450159]; Output: 0.04033323871910787; Delta: -0.0002028204819682474
 	Weights: [-0.15492844458602065, -0.7385163787448421, -0.9837000093282734, 0.04512328171081726, 0.16368504307140616, 0.3118273426034705, -1.6918433210919408]; Output: 0.02897238135753123; Delta: -0.00015470628639788008
 	Weights: [-0.41456725911531195, 1.3647158713356362, -0.04804935727182738, -0.430514085799542, 0.9461262007062851, -0.6880480440422264, 0.3987303169259544]; Output: 0.7855396719961955; Delta: 0.00020892029307341149
 	Weights: [0.3898508461565105, -1.4064381085422126, 0.5048761032433384, 0.7943859230712592, -0.4786274041636893, -1.9195957825634558, -0.7171353951682105]; Output: 0.223711649650441; Delta: -0.0002681206568135356
 	Weights: [0.21008855215123165, -0.31685840059945786, -0.35796512664631597, 0.2025534840603645, 0.23222537819637726, 3.8221338656851205, -1.5897116124251098]; Output: 0.1153537392707482; Delta: 0.0016660246962753684
 	Weights: [0.8680739140528633, -1.6695993994996061, 2.610432120059608, -0.6998973301444076, -0.03651355847169813, 1.280419682252524, -0.42388991214142185]; Output: 0.7860789694207128; Delta: 0.001739939750004298
 	Weights: [0.4530733185181892, -0.6194285992285419, -0.23106798645721177, 0.6379905971873514, 1.78652626040548, 1.3083274179937134, -1.8239656916058733]; Output: 0.09759918277264243; Delta: 0.0005131065825622787
 	Weights: [0.566660677653262, 0.8198024503532206, 0.6217051295969048, 1.1906908138706143, -2.07243944824994, -1.0079915231611967, -0.7490585873786035]; Output: 0.7631819898408599; Delta: -0.0019924414671563663
Layer 1
 	Weights: [0.7293976149841715, 0.5473095558395908, 0.32248070212724933, -0.9219550134480373, -1.2205278994322653, -0.2580712180670039, 0.1084149902667214, -0.08739037151253443, -0.577191820207375, -0.39729785255493577]; Output: 0.3307658949400821; Delta: -0.000690193899226121
 	Weights: [0.4523353856918297, -3.239273054493684, -0.48573723918256695, 0.4186205050866294, 0.4496243673488615, -1.6045589208751871, -1.8621875061530102, -0.6378434625765124, -0.07592129613487894, -0.91284217796124]; Output: 0.04092038025383184; Delta: 0.0005366068475866964
 	Weights: [1.5844288353173999, -1.4799281864564309, -1.578106154324658, -0.28216914486306116, -0.7089603939426244, 0.510948890815408, -0.4416272684311964, -1.9633218657361877, 0.8435350705350712, 1.8368620679317011]; Output: 0.33927903060351244; Delta: 0.0001725232826992105
 	Weights: [0.9055032853619939, 0.0022890221444091087, 0.7989032606787877, 0.11257446253004763, -0.625720654724425, -1.5152660896132997, -0.5926035143756128, 1.0190335351170348, -1.8670404748086415, 0.17779209201588403]; Output: 0.5802274375194989; Delta: -0.002035087793281099
 	Weights: [0.8754246996728643, 0.22920986312921796, 0.9977774844376959, -2.2741086365495016, 0.5053390982750715, -2.7700204823569305, -0.17766230144355694, 1.608528504423268, -0.6201985065149124, -1.3057807238582608]; Output: 0.13037084105031882; Delta: -0.000852278675132396
 	Weights: [0.3969628745722008, -1.7439885628428724, 0.44450572035905306, -0.8805271405569345, 1.3688672633297834, 1.1984972741943902, 0.8868853936462373, -0.09861666814145925, -0.8953676456749559, -1.5957215546195185]; Output: 0.40933109620760694; Delta: 0.0035335302771737406
 	Weights: [-0.7228308561918521, -0.948696671716606, -0.21570731778811417, 0.46731997627033, -1.205703862618608, -0.31260941391326885, -0.5761331099694895, 0.03285463154773495, -1.5938653876257145, 0.9876922193197738]; Output: 0.6106811221418884; Delta: -0.0017586292388182254
 	Weights: [-1.7608290193968203, 0.538746021882383, 0.8339586517325307, -0.04226747284543125, 2.484979873794762, 0.2243805603546954, 0.4781310529355869, -2.153190328169362, 0.2050396600056751, -0.8993078798779242]; Output: 0.19113601180654627; Delta: 0.0030165588399912713
Layer 2
 	Weights: [-1.4354940687374311, 0.770367894628402, 1.0519731109850943, 0.06841049916654122, -0.6000434769124906, 0.31777626127388175, 1.4281652092467794, 2.249079100488055, -0.7905530052119717, -1.6885528053006846]; Output: 0.40580027436688054; Delta: 0.0033670015534863528
 	Weights: [0.7012881074988556, -0.6419844416778486, 0.24724451024657285, 0.44491089395861855, -0.009271098327913401, -0.11134188119009258, 0.404122406369425, -1.2650639376931303, -0.3692934355590939, 0.4477900064131391]; Output: 0.7218632077401675; Delta: -0.0021172733277044675
 	Weights: [-1.0033691009609953, -0.6759988768367508, 1.1530801703799956, 1.6855487780323068, 2.5460624877209543, -1.8663388587246543, 0.6135727826737813, -0.03612525334789163, 0.45599632033304327, -0.6698888977731965]; Output: 0.5684574916077457; Delta: -0.002830924431751316
 	Weights: [-0.8683297701080895, -0.6002811798721794, 0.9503671379956693, 0.43072211133028343, 0.021438797037667285, -0.2972108488345058, 1.5912341847521285, -0.423744625845485, -0.6164229918085564, -1.0159922771270222]; Output: 0.5041168356214474; Delta: -0.002950541647602326
 	Weights: [1.2163637293512657, 0.7291131931174675, 0.4445924428743016, 0.207291748542838, -0.8896288291198579, 1.0817696018044436, -0.14202363342078206, 0.5119293390609355, 0.14057600972066964, 0.6912350529227778]; Output: 0.8497264010990877; Delta: 0.002010079556653688
 	Weights: [0.34647100460505315, -0.7269161519686712, -0.5176065129786648, 0.5265864639720165, -0.5071325473798165, 0.39962670079910073, 1.5886790868810508, -0.8775298095812027, -0.735826638495552, -0.07361175888135975]; Output: 0.7390589840574469; Delta: -0.0015967557458034273
 	Weights: [1.5106139182511467, -0.5624626301819599, -0.6307205198776923, 0.1128925790010891, -0.768992136940407, -1.757455853629268, 0.4698208414349049, -1.7944997551013908, -0.10517219506988724, 1.7029583209689612]; Output: 0.7604952353329824; Delta: -0.0032245981633648737
 	Weights: [1.2036512182376438, 2.4330526154792116, 0.100002295167379, -1.2577823536999886, 0.364978515403372, -0.07790282195578128, -0.9000507206439297, -0.5508238326964763, 2.348823201106826, -0.8505059632103509]; Output: 0.15604949077267247; Delta: 0.00064449235477241
Layer 3
 	Weights: [1.4766127256789572, -1.1152418914938824, -1.2209968215380782, -1.2487673446671028, 1.6657818581121357, -0.8753500402025045, -1.8718904253459625, 0.5176812568518944, -0.06627797708033818]; Output: 0.10247832195033148; Delta: 0.009451744621597806

LOSS = 457.7068956646635