Layer 0
 	Weights: [0.06648504776178048, 1.8419642412053943, 0.5121753038646211, 0.1711071221598722, 1.6627310906004087, -0.7994761314157925, 0.4124353515081603]; Output: 0.8158793433987536; Delta: 1.5211403373448045
 	Weights: [0.4976344764117493, 1.108771675909524, 3.0299968411492055, -0.38181118878338316, 1.1257798561963215, 0.4399913337434707, 1.4830694149085402]; Output: 0.7140933532327071; Delta: 2.670249722667635
 	Weights: [0.5740814429081926, 1.1455783965374844, 0.6284368947264727, -0.08358999832090766, 1.0042145957581783, 0.9300118276750868, 0.48775239484213906]; Output: 0.8142702376568958; Delta: 1.370433328926505
 	Weights: [-1.6940699568585467, -1.19485497679853, -0.4651414100592545, 0.5888623081719279, -1.0542970196248764, -1.9590722872572235, -0.7884737339455868]; Output: -0.7594764522356316; Delta: 0.6770625187947551
 	Weights: [-0.9049988124243814, 0.07536173176996562, -0.18272560618327752, 0.28767645960331606, -1.2877282848791167, 0.41247122459642716, -0.17044716703604862]; Output: -1.3242548545635613; Delta: 0.17547983074401916
 	Weights: [-1.1275698901934619, -0.5434857215307533, -0.027439716024480868, 0.2474905939336661, 0.19958904983942372, -1.1660181168777148, -0.7000202404352576]; Output: -0.8656604482584861; Delta: -0.8276689496357548
 	Weights: [-2.795130798887698, 0.45566799857355544, -0.45801199486078603, -3.6384672582798956, -2.33354608539081, 0.40192150677931077, -1.0753112789250008]; Output: -0.7140771435391576; Delta: -1.3666790710291552
 	Weights: [0.9338638290516262, -2.654430283933721, -1.3523874406045955, -2.595966184209369, -0.8718539091984047, 0.29290109819949256, -1.9603716779500384]; Output: -0.70594850648516; Delta: -4.903487319843277
 	Weights: [-1.1933696335629411, -0.6370059129262636, -1.7589819137640759, -0.5449881200397365, -2.6259397667423348, -0.43521045551467796, 0.4958519183156834]; Output: -0.7798097015543021; Delta: -0.9563869906380545
 	Weights: [-0.37199481625856917, 0.7341721748324396, -1.2129363152807202, -0.26684207388149006, -1.1188165699960773, 0.9256404434014007, 0.050518756937087794]; Output: -1.4012496839486777; Delta: -0.5221354314684411
 	Weights: [-0.23326407862875748, -0.853884276720557, -0.4174522412217871, -1.7018328571455401, -0.9442818961160072, -2.940346759038834, -1.0007015975975204]; Output: -0.7624084670119627; Delta: -1.1762215052210867
 	Weights: [-0.03159109366399452, 0.33478418154122125, 1.0269540741607015, -0.6518089892534314, 1.893097439558001, -0.5671597315066619, 1.5573951656809106]; Output: 0.8438184672684823; Delta: -0.3053831358184631
 	Weights: [2.041304178043647, -0.6806587863626177, -0.3647118282310325, 1.4509122108430137, -1.8091299324610681, -1.269574647692249, -0.17588294671540608]; Output: 1.066910609352471; Delta: 0.49812979404934615
 	Weights: [1.0688964795759412, -0.9061405106099932, -0.8132405547680988, -0.9723425446611701, -1.1020188847071715, -0.22810572662613027, 1.2303176404059926]; Output: -18.70290013182776; Delta: -0.014391328808329343
 	Weights: [1.7817862406216096, 0.7802296582626441, 1.5911311334147664, 0.38487014034223926, 2.130925785769212, 1.0205080202622272, 0.03934546101041733]; Output: 0.7427625738612627; Delta: 1.6939626793352403
 	Weights: [-0.6144153657243107, 1.3989316898330153, -1.6904884923167598, -1.4430542320481026, -0.7716423063119987, -0.39649371123724536, -0.28365850092099915]; Output: -0.8912812536110183; Delta: 1.07983752095637
Layer 1
 	Weights: [0.5643452945273344, -0.3675328435729179, 0.025192860456303028, -0.8205841743484487, -0.9464829355893628, 3.6502645128983753, 0.00025200757289499745, 0.23032021167805466, -1.0684401452017027, 1.2127703688598963, 1.4326911839703302, -0.3184532331090541, 0.5641823049084678, -1.624659919548148, 0.7399705092401415, -0.39179860283146584, -0.1269546327557324, -0.4932684433501756]; Output: 0.6514578364178316; Delta: -0.3155264283506532
 	Weights: [-1.1633087474296502, -1.2807240481521687, 0.03435689129136053, -0.10221452500826825, -1.0444193370501864, -0.9470234557191435, 2.7541183340701427, -0.1024528845137854, -0.11058009726235, -0.6378228525332208, -0.011323830235425795, 1.0995858840801733, -1.7364258770591214, -1.9271238977769471, -0.05161093282149477, 0.6461921958987501, -0.37216370216193256, -0.356823770904523]; Output: 0.6488790923947149; Delta: -0.1922450087069213
 	Weights: [-1.6422644808687055, 0.015077619574837593, 0.3890533856865945, 2.4982069699705574, -0.2153703078853727, -0.4853872092158475, 0.8620898491011763, 0.23431108429190142, 0.8194994599747252, 0.2799648011004294, 1.8370391886635755, 0.11851453835269501, 0.04248801862666758, -0.11227363391443732, 0.7369118733315093, 1.3922175854135006, 0.7851422331928802, -0.7387619814142616]; Output: -0.7369579257740774; Delta: -0.24057497037075046
 	Weights: [0.7333983905736944, 1.5833619440246671, -1.5431537967545859, 0.6818594750791879, -0.7745532324764688, -1.3486987045173426, 1.5153755109882763, -0.598706974991903, -2.3331163795373886, -1.194218750176545, 0.6953235584227868, -0.07945285545801273, -1.9721021506690295, 0.7368893341720187, 0.5264933035855336, 1.1678555973294327, 0.6767958756991505, -0.13264868979482655]; Output: -0.671333868925946; Delta: 0.032078447630162966
 	Weights: [0.5742415423951697, -0.9796526533445443, 1.6927685484249058, 0.7470845163743544, 1.0793846044295268, 0.7234058602955988, 0.9719890824104174, -1.593156439785927, -0.5375875053949294, 1.3293576923881276, -0.08686005437956561, 0.02646227124249496, 1.270189274228851, -0.08774683318334928, 0.5836023429005686, -0.2774000332937612, -1.0566672225694045, 1.4635070963522854]; Output: 0.8190623394744642; Delta: 0.37495097685677986
 	Weights: [-0.7386247062199879, -2.0506772156960165, -0.34854420854046403, -0.02357959399541566, 1.1395803632923938, 1.465195248613922, 1.0248776427994513, 2.734959694350841, 0.6066958549084237, 0.8677878647904934, 1.4301995994745242, 0.37347808599652693, -0.17108345474461403, -0.22281921179167008, -1.3150803483604332, -0.7535241497416032, 0.26484924178446506, -0.1658175898394162]; Output: -0.7026686994694155; Delta: -1.2379518599569408
 	Weights: [-0.008941209660748383, -0.740079375365938, 1.0717209490422306, -0.4400947984096634, -1.0614837855202208, -0.4343229630471108, 0.4666971029652819, -0.380196889537159, 0.7005187667730541, 0.4153355123451572, 0.4521623547762181, -1.6177528890083204, 0.49582004913712724, 0.1256012423950058, -0.33251233362210997, 0.9022387307361353, -1.2948828889632105, 0.43772862413859]; Output: -0.8084124017312513; Delta: -0.037997014286936075
 	Weights: [-2.1558212552679996, 0.01021616628369047, -0.7185366284970124, -1.35460329608968, 0.6882762122083474, 1.1461973703953579, 1.4035164218987708, 0.1248427412152488, -0.8826231511218364, 0.3509154423205927, -0.25307654330677254, -0.934121830318355, 1.2400391956877694, 1.9752145706752926, 0.5821863945774285, -1.236745401372254, 1.0116350171734183, -0.9413509359720607]; Output: -0.6469855693574795; Delta: -0.3293016847685102
 	Weights: [-0.18619839872342997, -1.2691374883409199, -1.2198375174451248, -1.0306238265152838, -1.1013102612753893, 1.2548734969349007, 0.2603402675807463, 1.1628935822670552, 0.39280915866046606, 0.12053156249898113, -0.8581429882448502, 0.8143209863271454, 0.014213141368693831, -0.28747255445021674, 0.6280352404775585, 0.9354442358630018, -0.25048625688693243, 0.5875115073155618]; Output: 0.7376872857046284; Delta: -0.24683779145686013
 	Weights: [0.19867846431490804, -0.26541018498133684, -1.1571846879739716, -0.10808752083212057, -0.4581323971121682, -0.8263900154893467, 0.04288987004631284, 1.272953096471802, 0.9581602355494953, 0.37688053833269186, -0.6725086297028865, 0.16554342001659214, -1.4958341866006546, 1.3742168795804566, -0.007552392852727496, -0.8385955956330086, -0.42143363885194884, 0.4133541558102609]; Output: -0.6518355173712093; Delta: -0.5751741060888976
 	Weights: [-0.7883421468854352, -0.4406647030288006, 0.2973992760486116, 2.117474544772647, 0.5770220685764573, -1.050877732609941, 1.7091117749152482, -1.0518663981107923, -0.8118016058851316, 1.7698182480954883, 0.8059432213261095, 0.22440955534502263, 0.4286998998512781, 0.5343135077369247, 0.305361653189277, 1.0574654951416795, -0.9176394561647544, 1.0050798940424301]; Output: -0.6665047736988259; Delta: 0.025557007867125756
 	Weights: [-1.2026885789325295, 0.2795923698143422, 0.28356949762172157, -0.8918740959482457, -2.4579071732775484, -0.2422038862835388, -1.1377427505084614, -0.5877196870352419, -0.02202517703369364, 0.6313972342593399, -0.9460148397256422, 1.4795614050598171, -1.1245646954421358, -1.7780177956565653, -1.2461932913945715, -0.028164366287231898, -2.890324323868055, 0.39172294014874387]; Output: 0.6476214408428942; Delta: -0.1276789163678634
 	Weights: [0.9114986848855986, 1.7346954711019198, -1.9301898675755702, -1.6979146180254967, 1.6959358686820076, 0.3844792111414829, -0.707205070493063, 1.3475422660929308, 1.262997896747978, 0.7877070198782896, 0.16489184930974063, -1.4962098379782263, 1.1313160268546019, -0.15373554695976943, 0.2652382497652265, -0.3843780356822408, 1.0990095888092695, 0.03537687169363978]; Output: -6.974652464432466; Delta: 0.07530700971829334
 	Weights: [0.28344208768976814, -0.7449819291995186, 0.6805827171294558, -0.6195519021895879, 1.1342440527762219, 2.7608488770320454, 0.11793713111032143, -1.9393528215927884, -1.2898283202228087, -1.4348260596457045, -0.6246291053780328, -0.14559076245709557, -0.05535112708186779, -0.6463774653461768, -0.799879354146823, 1.0454362617447157, 0.9065700180704312, 1.04603410790011]; Output: 0.6692363558279067; Delta: 0.23393158962275598
 	Weights: [0.02161379313372177, 1.5074373236381815, 0.32074142739175926, 0.6222887801819742, -0.19548714914305979, 0.820270868015121, -0.2067554024151478, -2.8521438129791012, -0.0064471026100462285, -0.2535600585699589, 0.18863674231432173, 0.6161781989725054, 0.8143949458505072, -0.4699853698535477, 2.124341111536343, 0.8482072871737978, -0.22008847197271894, -0.24949351021775296]; Output: 0.6679200053451485; Delta: 0.6685467254786448
 	Weights: [0.20708989982375253, 0.5284242109725231, -0.3323854933674741, -0.7967676955993565, -0.4671751909706152, -0.24061517142010935, 0.5013265706798657, -0.9912094253534849, -1.020339917011429, 0.20930706727116835, -0.1569943321468114, -1.2125765573278608, 1.1705048199621795, -0.08307260186570674, 1.2225711145984846, 2.786557453070587, -0.4967738504498398, -1.6315675742090647]; Output: 1.1190362575451749; Delta: 0.0576829474830878
Layer 2
 	Weights: [0.4051593755512814, 1.5090617481927417, 1.4786816734135284, -0.31935038123389403, -0.9905928368558684, 0.16502159132874744, 0.2518191039486968, 0.7016531022836385, -0.2912783241896958, 0.9964181838677472, -1.1287206400811391, 0.9260061955837947, -0.4038320355283883, 0.1291352851273634, -1.4950529316282626, -0.9731060275493049, -0.0781098854185595, 0.6890383765211114]; Output: 1.516565455398558; Delta: -0.1722519060256982
 	Weights: [-0.31015280405645784, -0.6340200664813169, -0.8190979967832327, -0.34189805760011194, 0.45101208442134944, 0.7795853639647574, 0.2038745868364994, 0.6315237892412827, 0.530347870284273, -1.4045369772270093, -0.35484661675855633, 1.4130628924727882, -1.2075788095753668, -0.7738770172543677, 0.3815154638252781, 0.8264600567912876, -0.1127656261401804, 0.9735120980739652]; Output: 0.6722486458063051; Delta: 0.005494877722691936
 	Weights: [-1.1807601010227418, -0.24183016232162224, 0.6536455005267314, -1.3105942025481983, 0.44395998759313043, -0.2698116711937796, -0.3810783640923963, 0.32376855953831796, -1.4995284858435274, -0.08716919687708431, -0.6516738077297578, -1.5366900956659109, 1.6877287376855932, -0.16460728478400105, -0.36733311872198626, -0.1680513673784329, 0.20908985150581288, -0.09902586265471645]; Output: -0.6671206621809541; Delta: -0.003834395837576253
 	Weights: [-1.365288684740522, 0.0408102082590998, 1.7652177361744528, -1.5235126890935295, 0.8287062682066778, 0.3478317557779522, -0.4231535495066336, 0.8312581636762183, 0.3122559968225504, -0.009705273902642456, 1.8286629890240924, 0.5736888431229358, -0.6029413878432628, -0.5262467730516427, 1.376117027209882, -0.02588676261812011, 1.2340874488531335, -2.252582931314551]; Output: 1.2918086676806508; Delta: -0.23165557432220826
 	Weights: [-1.567580543261091, -0.06350722718221764, -0.7440953990823763, 1.2929906036612562, 0.0064271844772924224, -1.1477554423218466, -0.04712588508318191, -0.9441461457150067, -1.4218846891154278, -0.6332213803990951, -1.3535258857318764, -0.07001386550035685, -1.0269514269723234, 1.624121441636646, 1.4767049511592667, 1.279933005371735, -1.2116836004186309, 0.6036169167774303]; Output: 0.6735876184413713; Delta: 0.18628062840316126
 	Weights: [0.7357420863146024, -0.39690144082447937, -0.984779087698343, 1.0277829395587672, -1.6673540038556727, 1.7136450571247785, 0.6656361117993987, -0.21320736023952416, -0.2694451163716598, 0.6365435130024447, -1.1211600056125355, 0.5739703152970381, 0.6505845025701569, -0.9078674079516986, -1.3699790369664584, -0.744006673113509, 0.2377499430948838, 1.5480056292457844]; Output: -0.6948566364815094; Delta: -0.42815045526179246
 	Weights: [0.26103566384675686, -2.3684393804247397, 1.0837049957220186, -0.020635425068323523, -0.790757819625131, -1.0279917240666543, 0.6424036722777551, 0.8294777878041188, -0.588518325376862, -0.2838553984757995, -0.8565572482306981, 0.5931473611212822, 0.9224903949914821, -1.8257822375433517, 0.0508443983437351, -0.3993707244097074, -0.6602853651792565, -0.5456397396066622]; Output: -0.6754587397062762; Delta: 0.17585324999268406
 	Weights: [-0.9316496533279625, -1.6214912076649206, 0.751114737326534, -0.12755094116647894, -0.48332236368259507, 0.26865959192576333, 0.01920683671565078, 0.4798520705397044, -0.0822378039427465, 0.5612311330577183, -0.08014473698330006, -2.1681846775527696, 0.6581049830909799, 1.245336827488787, 0.25678316784971256, 1.3322505276924679, -0.13451365840183546, 1.6543914932625867]; Output: -0.7232010742338212; Delta: 0.00257238336470555
 	Weights: [-0.7811446092498563, -1.1531051808552113, 0.3548192618165701, -0.25703109253382267, -1.2685871256070187, -0.04928775001754776, 0.5588634283259727, -0.9193775973184088, -0.770770328529635, 1.3238860876914587, 0.6456676137704302, -0.7142242040056844, 0.014344996875258415, 0.29527437362531567, 1.2092769900695512, 1.5302383728223659, 1.1120679435705272, 2.3302632250172253]; Output: 2.53634539501376; Delta: -0.009213317204867268
 	Weights: [-0.4521619185205083, -0.2855088449510097, -0.9495549093279868, -2.245843122381818, 1.070701631711851, -2.081297620036824, -2.78599248595009, -0.6885267260274015, -0.4192120156564155, -1.0784679988931216, 0.7547566660922845, 1.4228785113217322, 1.1324926517848828, -0.42176271059417636, 0.4408422965977873, 1.0606417617105275, 1.057984212175875, -1.2218802473718016]; Output: -3.0136423844342084; Delta: 0.16855359256912925
 	Weights: [-0.8016213969021362, -0.8421174596137309, -2.0110500064694645, -0.6504921927566057, -0.7079801546326737, 0.4482672220990344, -1.3457325672188216, 0.8972095172719607, 0.6061657292870227, 0.1962398324257699, -0.20225306188765513, -0.46447854414087936, -1.1462637515210938, -0.13127776653661077, -2.1329011928686286, 0.4355462372462571, -0.25453858296753124, -0.402984080379965]; Output: 0.6980992845852083; Delta: -0.011907252087655648
 	Weights: [-0.07064046951876976, 0.7647080092459457, -1.205271480643022, 0.2645545168380259, 0.2650909694360443, 0.7096877535081209, 1.9500230775574745, -0.8038946160098638, -0.13788375135200084, 1.5535201397684306, 0.2240955778369933, -0.026146138043180812, 0.47363323878439223, -2.3859719980584044, -1.1232415950225767, 0.013321999501235027, 0.8211827283380289, -0.4661557380581167]; Output: -0.6947946701063489; Delta: 0.01207571465721243
 	Weights: [0.3075164669692997, 1.0024709531518607, 2.6034114395737395, -0.023459948492172034, -0.8675419273818308, 0.2757216867254138, 0.394394140665505, 0.6220551579144877, -0.2928495759666137, 0.20016487643719402, -3.345300450748452, 0.13201429136300954, -0.20667094136313735, 0.6479190397224452, 0.8471066220898956, 0.5698685554177197, -0.9808507073368552, -0.025039899601170423]; Output: 0.8564314324250084; Delta: 0.0009697752342911143
 	Weights: [0.4781878876450959, -0.27595353744413315, 0.766805726461094, -0.5732722496271915, -0.4471609837256054, 0.6806035142842439, 1.4727813556710396, 0.3510808113161882, -0.4375459483787677, 0.7460513116530374, -0.5901859422979863, 1.1307221181581286, -0.6423774517821227, -0.24089149137050417, 0.9138615547183276, -0.297402111070791, -1.3416762432026357, -0.2122987398561907]; Output: 0.8513076782122463; Delta: -0.15187841243277314
 	Weights: [-1.7688064987067365, -0.3251046237363992, 0.18946277515659876, -1.1928655814838967, -0.019175009863140774, -0.5766133878678925, -2.2051293678249633, 0.36018592817333006, -0.5644081752041388, 2.002746778096949, -0.5511350381949522, 0.392939217811246, 0.17608518928139327, 0.504011078521629, 1.3797052628083952, -2.2707656107795646, 1.0612312526141985, -0.05280780144069099]; Output: -0.84757164955594; Delta: 0.04676958628253297
 	Weights: [-0.4629095401249029, -1.6321150360475039, -0.6415621825312741, -1.16235128869952, 0.3055306049783583, 0.5794797513373323, -0.5922455868569187, 0.4706500403598652, 0.7807685443160346, 0.4647932470697091, -0.13175788635623223, -0.9858153891199588, 0.5394257579295431, 0.13538520553021882, -1.9877352960456638, -0.3632321820373018, -0.19824857411527233, 2.6381567021880987]; Output: -0.7923559450703285; Delta: -0.15161248395194685
Layer 3
 	Weights: [-0.6409196770854375, 2.7469738847354677, -0.0342963333394761, -0.7871754600981163, 0.9004784394174953, -1.4282536757761182, 0.5835480412740743, 0.011046613034638901, -0.21749901960395063, 0.5360698868283477, -0.039345215920610105, 0.039168047320492484, 0.011841417603553344, -0.49798601281302707, 0.18339459109702047, -0.972801581177644, 1.0691837220043998]; Output: 7.954698403100696; Delta: 0.45111328150849556

LOSS = 16549.111039432984