Layer 0
 	Weights: [0.075969091186815, -1.2331707988185372, -2.378776410731942, -0.14888393815453527, 0.9921494929082378, 0.8276965105386114, 0.1440279051217707]; Output: 0.03619821619574084; Delta: -4.3736274600430886e-12
 	Weights: [0.8551677261033399, -1.4049248470760962, -2.0342014535313133, -0.02054249511441456, 0.5476746597564752, 0.7558219150429093, -0.8502894955439869]; Output: 0.03258296104418242; Delta: -2.833577975355852e-12
 	Weights: [-1.161778001359127, -1.2669164632113787, -0.2779496975305947, -0.6977582255235469, 1.1468678699586214, -1.2039133213172126, -1.748986810301863]; Output: 0.013078958908892034; Delta: -1.1247851873705601e-12
 	Weights: [1.0187486665211536, 0.3543445230705388, 0.47969486222845054, -1.2651098478570781, 2.080087853979673, -0.3829935102396325, 1.402555958423123]; Output: 3.202385602236131; Delta: -2.899559089548998e-11
 	Weights: [-0.230540019408602, 0.8382005935187131, -0.052061346430570386, 0.05062905441586959, -0.1147699665811157, 1.5948916555716912, -1.2115861532116519]; Output: 0.41921871061787935; Delta: 1.3696769825499871e-11
 	Weights: [-0.09694347039506748, 1.6566390260956438, 1.7384068561147341, -0.7948135493069558, -0.7377663038336812, 1.8283411284351678, -0.6328748725105249]; Output: 2.664339269201974; Delta: -9.07226037303178e-11
 	Weights: [1.13697031475722, -0.9379024892132407, -3.116905431383266, -0.21738423486643751, 1.691524808330111, 0.42513591475542795, -1.969113805427981]; Output: 0.007683565343940963; Delta: -3.84079359799001e-13
 	Weights: [-1.313436607495688, 0.6936837425745416, 1.1732655094526891, 0.09687970819538962, -0.5460606846805137, -1.525878494739352, -0.5647788930131057]; Output: 0.7100331060469962; Delta: 4.752303844273373e-11
 	Weights: [-1.2213458750482564, -0.335358144947058, 0.6817870992789197, 0.6414794576644314, -0.16953749458744694, 0.383991678124588, -0.8678709690359694]; Output: 0.17444171460829822; Delta: -7.135682571495841e-12
 	Weights: [-1.5096860611590979, -0.253304803212168, -0.1537973772034795, -1.1490804410578617, -0.7208745417283019, 1.849453679858583, 1.3436500944054466]; Output: 0.4960681816353813; Delta: 3.123329924467701e-11
 	Weights: [-0.7831982712075356, 0.8779858383204564, -0.6712932563756215, 1.5126923838798492, -1.2408798441386453, -0.365686459704372, -0.6752422114169857]; Output: 0.2626685302911105; Delta: 1.3673992421657108e-11
 	Weights: [-0.34682098650403836, 0.35612014206780346, -1.215799984406113, 0.9806331635910199, -0.4581761106100386, 0.6873152586690928, -0.30376515069876936]; Output: 0.20865075927327792; Delta: 2.379343864318188e-11
 	Weights: [0.8900960404344542, 1.0798482553960904, -0.22957957193150952, 0.029648742370992767, 1.106479158311946, -0.10451235912116787, -0.456771052223418]; Output: 1.460798938519853; Delta: -8.444068993224204e-11
 	Weights: [1.070963025165998, 1.150211710538387, 0.6551276901939204, 2.4263064290912197, -0.9336313881218, 0.1039434919751641, 0.1484343642888998]; Output: 2.9495729907577646; Delta: 3.775507493517481e-11
 	Weights: [-1.2200786062224682, 1.033831092191916, -0.6286348878330744, -1.6149081159149856, -0.4922535850807596, -0.7292736005302677, -1.7072734889866457]; Output: 0.08320501489921098; Delta: 1.1087182561600002e-12
 	Weights: [-1.4258607233219374, 0.7223722079974846, -0.061616669358746955, -1.3131135243796586, -0.5988838655306921, -0.01302999616266741, -0.046285367339634884]; Output: 0.39598929542817085; Delta: -3.168482084330043e-11
Layer 1
 	Weights: [-1.4705441563874593, -1.5976416967283775, -2.13183267499768, 0.4747933293831981, 0.6948105312632902, -0.6311243047063773, 0.8800726685375969, 1.876128551564389, -1.100428259430346, 0.6679008364687191, 1.4348483966415408, 0.8399840353585761, 0.20747330156879332, -0.2436176733681592, 0.0880304916132607, -0.4162809016660239, 0.06012695191699554, 0.5193670477344762]; Output: 2.103887478003314; Delta: 3.532587931150121e-11
 	Weights: [1.3960054785238232, -0.7334783142101453, -0.013479916532494137, -0.06873652127530751, 0.3840732787556619, -0.5214477023222384, 0.6034160929411672, -0.7146844276094025, 0.01823943977221814, 1.4677161289177254, 0.8046210750119688, -0.7816227724390898, 0.6376933285721885, -0.9905102124625906, 0.3721486952195489, -0.7452349699407284, 1.1489726592960454, 0.054979609756427704]; Output: 0.03467158055251649; Delta: 4.813605732658901e-14
 	Weights: [-0.06816151050022624, 0.5697279023578484, -0.4990000402096152, 2.0248468052993203, -0.3485140171189218, 0.5678759976109686, 0.18951961251350372, 1.913025923797805, 0.7168999656062118, -2.0486048431508332, 0.2368740276429103, -1.153420280272453, -0.28250318506051775, -0.0354414580512715, -0.39607812008063426, 0.49275515269729947, 1.5938785598141072, 0.8064211398325635]; Output: 8.602512875730541; Delta: 1.5642072230985986e-11
 	Weights: [1.7360045203240415, -0.8195209134736954, -1.0934245413801469, -0.17263549890843738, -0.06573496282870737, -0.005013827840843506, -0.6206790354367896, -0.5170551636612366, 1.1652641916373958, -1.4118846187543599, 0.33941112203803014, 0.4954775540553641, -0.36750209677556867, -0.20517582151090594, -0.3951552762310645, -0.7762518360351734, 0.6637450176936595, -0.25519474178208873]; Output: 0.04926083664546573; Delta: -2.0223824433830425e-12
 	Weights: [0.5450799299034794, 0.05287763428165524, -0.8574414679689829, -0.39476826293071976, -0.06739363840560236, 1.3904837139562924, 1.9168824032170653, 0.16177958766731015, 0.7895360398756494, -0.47377672193616055, -0.6783276393208376, -0.9626341054023538, -0.17050713968905712, -0.42851329449895426, -0.03502569399909757, 1.5613788543548581, -0.5496191643976241, 0.9961788238059563]; Output: 2.2819973903992787; Delta: -1.8723658625056735e-11
 	Weights: [-0.8378150479614871, -2.025124293729867, -1.1774904957421535, 0.5583209462032742, -1.5838173007913168, -0.09324001513572802, -0.28258917680727896, 1.1069252137440078, 0.7273658360278321, -0.43416639021753545, -1.5342225534476515, -0.9323289042240271, 0.126689238373072, 0.7685250709386889, -0.15425010907319664, -1.3296410665374794, -0.5935007566281943, -0.27789758835864986]; Output: 2.575430627185817; Delta: 6.430224812283519e-12
 	Weights: [0.7199343244242071, -0.2888732905539515, -0.35309088608263856, -0.7074217131293307, 1.1392131004846815, 1.714690972531716, 0.2612222909151788, -1.8484699823411288, -0.8533429102004889, 0.4040223977682806, -0.6689037336539756, -2.097652942791167, 0.19396487121730518, -0.49608545265040255, 0.11743945398119224, 0.22576214346725998, 1.7764694957646583, 1.4398233490117422]; Output: 1.5249405432851852; Delta: -8.006463292087923e-12
 	Weights: [-0.25588793706189, -2.6988396403643318, -0.8622182103037582, -0.41150234925285595, -0.6503910000388213, -0.49573674970007714, 0.17985283895884516, -0.045741710468209705, -0.48934638271025094, -0.5955607703427951, 0.6537590260777032, 1.9199348970445127, 1.1253130826203233, 0.27718856299809086, 0.7998884153495025, 0.7761788047975479, -0.15147508359150055, -0.5939369639810892]; Output: 0.43118485869988904; Delta: -1.2999775312519832e-12
 	Weights: [1.9832696713723161, -2.025280685484383, -0.3986636369493075, -0.12239364308261512, -0.28579025364096955, -0.17160336732315934, -0.03936625568976797, -2.0139095918148247, -1.123403161500171, -1.692739675175039, -0.5202014556167494, -0.7471444654447763, 0.8023934422419647, 0.0940754631242446, 0.9118383187175638, 0.9437331665106278, 1.6213844048129238, -0.04438557957487189]; Output: 0.14307005666986297; Delta: 8.219272481455072e-13
 	Weights: [-2.1394359608717584, 0.32973292682781724, 1.2622354195317422, 0.6876269585565832, 0.6621895974077269, -0.22499125246554771, 0.20948982029965504, -0.17452708960412788, -0.9376754400618065, 0.343971172728762, 1.3383494159939753, 0.33502105418444234, 1.824942964239115, -0.6169967453853243, 2.0378380851064883, -0.14847348920689343, 0.7970478503928311, 2.283211237735781]; Output: 5.380790573470018; Delta: 3.4289509855022078e-12
 	Weights: [-0.404582133056831, 0.8071888256199152, 0.7778975417706, -1.111650757603712, 0.5177133573761002, 0.34243770879933255, 1.189974347080282, -0.07363678490215651, -0.3171784681766816, 1.9013533318858526, 2.1558052063039312, 1.5662602287280765, -0.28099467572222453, 1.3557674818848613, 0.4929190486025784, -1.2762395307798304, -1.3265049214190248, -0.30950366724792466]; Output: 2.254530693110223; Delta: 1.939072515916438e-11
 	Weights: [-0.6653237491541361, 1.14208412833585, -0.04700139951058586, 0.0630299398248832, 0.5352113037532142, 1.3020793323238418, 0.2893305533383858, 0.9303182411942013, 1.1875570695429645, 0.047579356798017405, 1.2641932739014734, -0.044435905105420004, 1.7088153160139157, -0.6818015172352961, -0.23533988571117745, -0.07784591511518274, -1.569037706274302, 0.5077031847367006]; Output: 6.069070062283611; Delta: -5.5806006922488405e-12
 	Weights: [0.16088393896157477, -0.7890805834290293, -0.5616671103514279, -1.5267520615214532, -0.7619816379600426, 2.1738125663717605, 0.01886451593459662, 0.14139151189059018, 0.3703775675420195, 0.7332104455854469, -1.0824942613668278, 0.1136566317282646, -1.0484296982159496, -0.8480251476363022, -1.005386261842202, -0.411050603389553, -1.0301353995700806, 0.09952134145606127]; Output: 0.03429165629736385; Delta: -4.238387914782264e-13
 	Weights: [-0.26577796006736065, 0.05176795576822466, -0.1823328487600013, -0.3655978716076438, 1.3151520637684029, 1.549943885702817, 1.3737602513103682, -0.7708953121393085, -0.003598521940527193, -1.1791457046874658, -0.022464236695038838, -0.14763670531996742, 2.8060594856052172, 0.9216978320153529, -1.0798921215581092, 0.5421559080240811, -0.1760188268590365, 0.3447613479369733]; Output: 9.62809976750817; Delta: -1.8947896240392306e-11
 	Weights: [1.2131583810890598, 1.3025827013680489, 1.2897710163792961, 2.7157467571426346, -1.728914389707056, 0.4075943961503109, 1.2918170248640397, 0.8976660060501288, -0.16006020720802816, -0.7435916896911443, 1.3433314952747102, -1.771191665057568, 1.7385424217427694, -0.6794864120456459, 0.679209017967559, 0.5477716597881304, 1.0930870510717934, -0.3544829993946173]; Output: 9.849526494030817; Delta: -3.1033410997986125e-11
 	Weights: [1.4182053519943052, 0.03946429839754395, 2.2703676519987326, -1.2367401699845035, 0.5530649672714413, 0.3452801305434583, 1.1992304725172294, -0.9280715867777809, -0.12535768557192295, -1.1641116557481705, -0.6549118114186752, 0.3071070528898064, 0.14116428528624705, -0.36125266396050765, -0.759467615003468, 0.00942345211284448, 0.5639858271535418, -0.4699897125123455]; Output: 0.0041930812435643765; Delta: -1.2305607283227012e-13
Layer 2
 	Weights: [0.3999762474677857, -0.5475415740986823, 0.2570347110901004, -0.7549689333138022, -0.9636662334937677, 0.023437969354496754, 0.43158282198767267, 0.0931359310847689, -1.242129546419897, 0.27446854359737044, -0.48051920625097017, -1.0560213090642765, 0.3044312034899692, -0.5528603538989274, 0.15401189372246235, 0.04280810455822379, -2.0797153709991774, -2.2064014339640234]; Output: 2.3961542467617897e-05; Delta: -6.893092891907938e-16
 	Weights: [-0.7628674228924948, 0.04768534177628989, -0.02968541661979405, 1.3771267757393324, 0.01348549372193316, -1.3841549929215142, -0.5576060549065701, 1.232801089483264, -1.0437576605270222, -0.8874229377179699, 0.22741467410716773, 0.8710693715756164, -1.62715114267924, 0.057663383330228725, 1.408722180271294, -0.218980591973058, -1.9389370957678804, -1.2751790089265842]; Output: 8.330071600603222; Delta: -1.8033753169336036e-11
 	Weights: [-0.23718803185497875, 1.7096010932700958, 0.30231738157848553, 0.4692490777744412, -0.309198602662218, 1.5735693272166253, 0.773044993331981, 0.6741204287040286, -2.8173479695537207, -0.11711160002262709, -0.7429949609962176, 0.5553067428748238, -0.2975745678307333, 0.32895868923999755, -0.1479093797057138, -0.7488579387569877, 0.43878553722327146, -1.2788924038521734]; Output: 8.080950676597432; Delta: 2.825166802115885e-12
 	Weights: [0.17871917183420558, 0.3122978224146263, -2.6991619160690554, 0.1163617985638199, 1.0159064400796558, -1.1348921715577536, -0.21748123932740715, 0.195662514038769, 0.5529956301790037, 0.04409833650811442, -0.7497783658030203, -2.0190908558173524, 0.7405604875721994, 0.9683069907052673, 0.7806701299434716, 0.049002989555672255, 0.49784011275199597, -1.4300196733973451]; Output: 3.768920730351815e-10; Delta: -4.8747509888630886e-21
 	Weights: [-2.3131967691334565, 0.4942494737820986, 0.727054206026723, -0.29492862168366535, 0.8895596935755069, -1.217323538172821, 0.135709794380228, 0.40124691267910434, 1.3607076013294006, 0.2968487390952805, 0.003507845448414984, -0.4704821985155284, -0.6981764207403457, -0.07155449061880145, -0.877266569235581, 1.8826521028612304, 1.2492619410016703, -0.3769375638162687]; Output: 4.0551980229839604e-05; Delta: 4.572899541181026e-16
 	Weights: [1.524075511056674, -1.408165794899553, -0.7930497564770467, 2.527189361974811, 0.03388565865069668, -0.6136886401849956, -1.0018330633854946, -0.2553675053312799, 0.17360864178814153, -0.7828181207449506, -1.168573387115362, -2.127971518202193, 0.7874968685628789, 1.4429546425028845, 0.8033723843010835, 0.1503340693664594, -0.40536145656459166, -1.5033832207591773]; Output: 0.002267744118735932; Delta: 2.566623947268931e-14
 	Weights: [-1.1408698380685303, -1.1762155290755614, -0.218306353317247, -1.9344051073356372, -0.20071394982159851, -0.003405405251222347, 0.18607746651803314, 0.3308721792900842, 1.0895336811972178, -1.474733623729165, 0.33587712441479023, -0.8612084200924232, -0.1799698638499548, -1.156536522758903, 1.9569531285897712, -0.9902300139667332, -0.7586834347985274, -0.27617880897200486]; Output: 0.00014333943321720793; Delta: 2.6279301175252e-15
 	Weights: [0.6656072665447792, 0.0713835696467981, -0.4320560339823079, 2.526051750091356, 0.5828935141511865, -1.8056610103713813, -1.0397386487406501, -0.33234134377096003, 0.36161291217985125, -1.1693163193048448, 0.044863869059852346, 1.2634160568950137, 0.3329845616128283, -0.516249092067543, -0.7698004948755898, -0.4244784013642985, -0.6597408054545759, 0.7424924554278144]; Output: 2.485349517501939e-08; Delta: 5.755135284003455e-19
 	Weights: [-0.3502291927694186, 0.6690805841005867, -0.6086280983028672, -1.0139246263473776, -1.3097660880784434, -0.3809323511547298, 0.9195401752619796, 0.22488682128479506, 0.19269276527538445, 0.014597166619865114, -0.3179575951949812, -0.5776862652269152, -0.7880199425866286, -0.16315462956531346, 0.6575338255303987, -0.7963575128235904, 1.0735413329772385, 0.6802091758063497]; Output: 0.0008832737034340663; Delta: -3.335812447780508e-14
 	Weights: [0.4762862703165207, 1.428234586776041, 0.3884240010143579, -1.0185482608757617, -0.17123752936535575, -1.7219112914537973, 1.078696141267289, 0.3638418678039769, 0.4432506773611043, -1.3213061921297151, 0.6315381072983522, 0.8145738390142172, -0.5369506630766219, 0.11744005933972153, 0.8641104478465762, -1.1900503633532253, 0.21106388234229545, 0.004159142899929765]; Output: 10.263089949181445; Delta: -7.115306742556297e-12
 	Weights: [-0.8404203349168685, 1.1196990363386394, 0.9899708926787905, 0.9744557879585828, -0.7838500930328454, -1.3514763510140133, 0.1880252581708128, 0.4622905134290341, 0.0913485174177491, -0.31768954407767397, -0.811323279860073, -0.20584886590250648, 1.51968994535049, 1.4751044892699658, 2.1816596907462635, 1.8351575734033394, -0.35764167310755063, 1.0373671849835022]; Output: 34.064721188512245; Delta: -6.782687816579635e-12
 	Weights: [2.0030929813534364, -1.147311001513473, -0.20533666210100227, 0.1756782832008223, 1.4492738224317652, 0.33183129781943954, -0.33152462188941145, 0.9738848474262636, -0.0624380118644999, 0.8603964346286642, 0.3895267857844912, -0.7289544266449355, -0.7931307456125988, -0.22817168986240338, 0.30826269433936065, -1.693040093758115, -0.5561369670257831, 0.09043468828443438]; Output: 8.463497890399685; Delta: 1.8180628617098338e-12
 	Weights: [0.8472571110690954, 0.6933520386738082, 0.9655547700647675, -0.7719137560885008, -1.1617055840675716, -1.78055845188073, -0.5168263490426542, 0.8247410171883406, -0.03477441821501728, -1.0142613620905785, 1.0488986061512384, 0.5730548953159657, -1.3402023187296013, -0.30530652668608615, 0.6075611722099723, -0.9592366569381126, -0.43446155005846043, 1.3454950081640231]; Output: 7.126686179851169; Delta: 2.4967843155525185e-11
 	Weights: [-0.4586898584956562, 0.04883797263117641, 0.5919534210834554, -0.7546277544867873, -0.2080119335741424, -0.5225591241324029, 0.22615460787226688, 0.10070607154897691, -0.4383166116746476, -0.9178481758233846, -1.218816252374127, 0.29520580995206425, -0.2878135248189234, -1.7178293848761303, -0.7325918956721164, 1.506623461480286, -0.18298542509299193, 0.6378339805584919]; Output: 3.3604230509297777e-12; Delta: 5.379206874568945e-23
 	Weights: [0.4788188791940489, -1.1903331958062922, -0.817020945918431, 0.45388548324889916, 0.8983802981381674, 1.0816590818066993, 0.5619471347442597, -0.8383389514710216, 0.10478778570654004, -2.15620218277872, -1.4774973027234544, 1.5569737673768047, -0.5857684601884151, -1.725111752624116, -0.7573858278325903, -1.1514798112112234, -0.3307635671173531, 0.13230769154381883]; Output: 8.149037000748317e-14; Delta: 2.6380824667301494e-25
 	Weights: [1.8679610752120874, -0.19866865091360184, -0.12937470294370226, 0.5029991577687754, -0.9234390303257288, -0.12138562212781728, -0.7889859715118508, -0.9819700425208546, -0.3135858914766915, -2.553835578705563, -1.7054869784050164, 0.4652462420273003, 1.8843346622483972, 0.11024198966955644, -0.10959233318337057, -1.2681847368905723, -1.1713286989000051, 0.044407777766755675]; Output: 1.2023289929177074e-07; Delta: 3.796215519325995e-18
Layer 3
 	Weights: [-1.3511416813224477, -0.9059654640475894, 0.1419397193283329, -0.5869549286015626, 0.5563321816313523, 0.5480124184362419, 0.8798888981890323, 1.1102442068834104, -1.7867500746728162, -0.35737683455069413, -0.3406579411900756, 0.09133086201592935, 1.2550117882887946, 0.7312966605941499, 0.1545886221321054, 1.5377763511631726, -0.44620739806451737]; Output: 4.113104979458692e-06; Delta: 1.991055248231094e-11

LOSS = 3082.7157285558496