Layer 0
 	Weights: [5.172634446545141e-05, 0.0001136963880927386, 5.592413371708534e-05, 9.525302879850287e-06, -0.00018566025164705766, -0.00016361920018252384, 5.794293970975277e-05]; Output: 0.6932723527935231; Delta: -0.00010848019485705027
 	Weights: [5.172634446545141e-05, 0.0001136963880927386, 5.592413371708534e-05, 9.525302879850287e-06, -0.00018566025164705766, -0.00016361920018252384, 5.794293970975277e-05]; Output: 0.6932723527935231; Delta: -0.00010848019485705027
 	Weights: [5.172634446545141e-05, 0.0001136963880927386, 5.592413371708534e-05, 9.525302879850287e-06, -0.00018566025164705766, -0.00016361920018252384, 5.794293970975277e-05]; Output: 0.6932723527935231; Delta: -0.00010848019485705027
 	Weights: [5.172634446545141e-05, 0.0001136963880927386, 5.592413371708534e-05, 9.525302879850287e-06, -0.00018566025164705766, -0.00016361920018252384, 5.794293970975277e-05]; Output: 0.6932723527935231; Delta: -0.00010848019485705027
 	Weights: [5.172634446545141e-05, 0.0001136963880927386, 5.592413371708534e-05, 9.525302879850287e-06, -0.00018566025164705766, -0.00016361920018252384, 5.794293970975277e-05]; Output: 0.6932723527935231; Delta: -0.00010848019485705027
 	Weights: [5.172634446545141e-05, 0.0001136963880927386, 5.592413371708534e-05, 9.525302879850287e-06, -0.00018566025164705766, -0.00016361920018252384, 5.794293970975277e-05]; Output: 0.6932723527935231; Delta: -0.00010848019485705027
 	Weights: [5.172634446545141e-05, 0.0001136963880927386, 5.592413371708534e-05, 9.525302879850287e-06, -0.00018566025164705766, -0.00016361920018252384, 5.794293970975277e-05]; Output: 0.6932723527935231; Delta: -0.00010848019485705027
 	Weights: [5.172634446545141e-05, 0.0001136963880927386, 5.592413371708534e-05, 9.525302879850287e-06, -0.00018566025164705766, -0.00016361920018252384, 5.794293970975277e-05]; Output: 0.6932723527935231; Delta: -0.00010848019485705027
Layer 1
 	Weights: [0.004499821050296247, 0.004499821050296247, 0.004499821050296247, 0.004499821050296247, 0.004499821050296247, 0.004499821050296247, 0.004499821050296247, 0.004499821050296247, 0, 0.006487105900740222]; Output: 0.708992724524207; Delta: -0.0060318421858098215
 	Weights: [0.004499821050296247, 0.004499821050296247, 0.004499821050296247, 0.004499821050296247, 0.004499821050296247, 0.004499821050296247, 0.004499821050296247, 0.004499821050296247, 0, 0.006487105900740222]; Output: 0.708992724524207; Delta: -0.0060318421858098215
 	Weights: [0.004499821050296247, 0.004499821050296247, 0.004499821050296247, 0.004499821050296247, 0.004499821050296247, 0.004499821050296247, 0.004499821050296247, 0.004499821050296247, 0, 0.006487105900740222]; Output: 0.708992724524207; Delta: -0.0060318421858098215
 	Weights: [0.004499821050296247, 0.004499821050296247, 0.004499821050296247, 0.004499821050296247, 0.004499821050296247, 0.004499821050296247, 0.004499821050296247, 0.004499821050296247, 0, 0.006487105900740222]; Output: 0.708992724524207; Delta: -0.0060318421858098215
 	Weights: [0.004499821050296247, 0.004499821050296247, 0.004499821050296247, 0.004499821050296247, 0.004499821050296247, 0.004499821050296247, 0.004499821050296247, 0.004499821050296247, 0, 0.006487105900740222]; Output: 0.708992724524207; Delta: -0.0060318421858098215
 	Weights: [0.004499821050296247, 0.004499821050296247, 0.004499821050296247, 0.004499821050296247, 0.004499821050296247, 0.004499821050296247, 0.004499821050296247, 0.004499821050296247, 0, 0.006487105900740222]; Output: 0.708992724524207; Delta: -0.0060318421858098215
 	Weights: [0.004499821050296247, 0.004499821050296247, 0.004499821050296247, 0.004499821050296247, 0.004499821050296247, 0.004499821050296247, 0.004499821050296247, 0.004499821050296247, 0, 0.006487105900740222]; Output: 0.708992724524207; Delta: -0.0060318421858098215
 	Weights: [0.004499821050296247, 0.004499821050296247, 0.004499821050296247, 0.004499821050296247, 0.004499821050296247, 0.004499821050296247, 0.004499821050296247, 0.004499821050296247, 0, 0.006487105900740222]; Output: 0.708992724524207; Delta: -0.0060318421858098215
Layer 2
 	Weights: [-0.13499735896472437, -0.13499735896472437, -0.13499735896472437, -0.13499735896472437, -0.13499735896472437, -0.13499735896472437, -0.13499735896472437, -0.13499735896472437, -0.19332609301307782]; Output: 0.32444813391375793; Delta: 0.08802125447997937

LOSS = 1866.779430341476