Layer 0
 	Weights: [-0.6781396069499098, 1.9523563364034247, 1.046988618212566, -0.9892753382251873, -0.48319365419222415, 1.829109666936912, 0.7652588250440734]; Output: 0.9956812502496581; Delta: 0.0
 	Weights: [-2.261549824722138, -2.179450462370302, -1.3067519709207331, 2.5506756369467336, 2.553401252720642, 2.8445717159412838, -0.573341925284553]; Output: 0; Delta: 0.0
 	Weights: [-0.4081581909112769, 0.5140784703814621, -0.7156072770299122, 0.8080895715236195, -0.48954943933481904, -0.6324652472520611, 0.06463596967547877]; Output: 0; Delta: 0.0
 	Weights: [-0.30380294769409394, -1.7255739864225543, -1.2419761764734851, 1.5726502823804407, 2.4740946170189257, 1.9506471922502537, -1.9008624401657974]; Output: 0; Delta: 0.0
 	Weights: [1.0253132453884104, -0.4100874497958095, 0.6498632795384885, -1.3572223665824081, -0.07676214422168301, 0.8149147514766351, 1.558458507924172]; Output: 0.9917475157921654; Delta: 0.0
 	Weights: [-1.083448628141297, -3.5829827548165682, -0.9471070635358402, 7.9536383106525745, 6.199008417008244, 5.885272696524619, -0.4621936281189432]; Output: 0; Delta: 0.0
 	Weights: [1.9903726578782825, 0.4136232112279504, 1.012830229863245, -1.1971714939475626, -0.9398751317276204, 0.48429276048715886, 1.0751097484176553]; Output: 0.9996352870772154; Delta: 0.0
 	Weights: [1.4216388537322122, -0.13513990083477206, -1.7639906417780105, -0.27033772218215135, 0.3578341196396445, 0.034510636519115026, -0.24823230952326267]; Output: 0; Delta: 0.0
 	Weights: [-2.511510976021264, -5.954768956861489, -3.5930419780627507, 5.427825472577588, 4.31420127013635, 6.887276860362974, -3.6098362535762307]; Output: 0; Delta: 0.0
 	Weights: [1.1202846337862944, 0.7231562019505198, 1.4096878056242597, -0.3444309737497383, -0.43373391932039146, 1.2090075558628992, -0.4073297732228433]; Output: 0.9911996515753105; Delta: 0.0
 	Weights: [0.1471205397644269, 0.7712981956905635, -0.2576733500698539, 0.009929139245624836, -1.078042881192597, 0.7756325678903226, 2.3624693979438236]; Output: 0.9950469424309467; Delta: 0.0
 	Weights: [1.3847592979651075, 0.5988449918948575, 0.31561838071316395, -1.3480119414444074, -0.11097716018177728, -1.1574700785864025, -0.28075322908079203]; Output: 0.9549655930271979; Delta: 0.0
 	Weights: [-2.819296700657603, -3.4117596811708752, -1.1603035206536956, 1.4699765862322176, 3.6917428862580697, 4.069904702940869, -2.045017937163143]; Output: 0; Delta: 0.0
 	Weights: [-2.2200332523579616, -0.7772297487951816, -4.958563494915862, -5.122347474242731, -6.479503641774001, -4.3778216947610025, -4.005524608316231]; Output: 0; Delta: 0.0
 	Weights: [2.53002218240311, -0.15903698235275987, 1.2467349233304317, 1.0804864385675996, -2.136988294246361, -0.9116192684781671, -1.3189979050579475]; Output: 0.9686893967841099; Delta: 0.0
 	Weights: [1.773300513313798, 2.9847065284999577, -1.0369052389209972, -1.340995695319529, -0.8405490236673359, -1.507296299028138, -0.7101653618219986]; Output: 0.9928926424315063; Delta: 0.0
Layer 1
 	Weights: [0.011202598381643846, -0.7768950437755267, -1.6569342550921813, -1.0767669471198311, 0.04315806961046511, -0.9826304495627219, 0.7308933077170577, 0.22668497440561686, 0.28606997519521593, 0.5325793698870941, 0.33349037786314184, -1.0833521601607803, 1.9282847057661887, -0.4976806469739454, 1.446740082688156, -0.892140538150269, -1.4929372449516694, 1.6255017508958851]; Output: 0.9918742015993218; Delta: 0.0
 	Weights: [-2.2926605312766903, 0.9651904818837684, 0.197420190148401, -1.0586599523654845, -1.230192458469068, -1.4503116407391992, -0.34578149232549743, 1.3549490499562167, 0.32236807526216915, -0.3389795164381014, -1.3922992200143958, -1.6159312312201644, -3.0458948588880483, -1.2913380134668293, -0.41512587453888744, -0.4774627662836325, -0.5058849718883954, 0.06088756538151109]; Output: 0; Delta: 0.0
 	Weights: [-0.101279573784618, 1.3428833940476022, -0.7202493835563667, 1.106906699926952, -0.7549659294465716, -0.4371706208610762, 0.6284754125313512, 1.2719433893692318, 1.2175204138968694, 1.7537928550403652, -2.341484848699525, -0.41104286457641354, 0.26018316876900205, 1.44810398495409, 0.850357338902915, -2.1239545355788225, -0.3520024340018055, -0.7928051641119029]; Output: 0; Delta: 0.0
 	Weights: [1.0406308659078025, 1.7409903803775113, 0.8506536769909169, -0.9105840605928289, 0.35009931225643637, 2.0843842738197997, -0.38136315103677043, 0.7048921301745469, 0.8716513181758444, 0.3754261451416383, 0.7471587872458093, -0.07500532805170197, -0.8627071901552984, -0.8659255580365794, -0.9744471761553248, -2.121925448066141, -0.4313671467426135, 0.5015152789911065]; Output: 0; Delta: 0.0
 	Weights: [1.215631414029294, -0.11198484113169718, -0.04129388169886555, 0.6366265894909472, -2.1074846743242346, -0.7453919080195766, 0.030217466816192685, -0.3189839430923132, -0.3259060532956235, -0.3166465766281581, 2.4014621303936927, -0.9255152182583477, -1.1973210343742124, -0.9979388265368583, 2.8737956707223735, -0.05635003750846893, 0.058231352406326556, 1.472783933196012]; Output: 0.9997735532460976; Delta: 0.0
 	Weights: [-1.481119832978057, 0.6295744974367529, 0.5530881600268075, 0.6890514584269162, -0.5826331256904622, 0.15172820955012364, 0.13368876152834358, -0.3858571134097523, 0.4017853902471571, -1.4323416905534738, -0.31456135685117603, -0.8274957128599411, -1.2117049090175334, 1.2843945233156642, 0.2567583333728213, 1.0494820546638404, 0.1441747325450114, -1.2871722491436943]; Output: 0; Delta: 0.0
 	Weights: [-0.32463386060335636, -2.290661520687004, 1.176225486841355, -2.3683382924172003, -0.41095396365396086, 1.0410042571343907, 1.112679057748872, -1.4872830553074416, -0.15157600258975987, -0.7452338489327934, -0.7891509046027088, 0.5013511166764083, -1.3179463364817239, 0.17865154846615902, 0.26776386980823863, 0.18530282749081084, 1.4995771295240186, 1.0866745998319438]; Output: 0.6995274729170655; Delta: 0.0
 	Weights: [0.22340154481221663, -0.09521763441449463, 1.0246233597095664, -1.209295293305465, 1.6331278341357802, -0.49253372632228704, 1.133499046443075, -0.7938864865193549, 2.4368074808606486, -0.27522897569947197, -0.8103112436202029, -0.8683809151009267, 1.4904834498606796, 1.3734821460739841, 0.1454654352504775, 0.690565966638332, 0.7203746475216579, 0.7460555480880346]; Output: 0.9898550113516613; Delta: 0.0
 	Weights: [0.19509442690860926, 1.2847985240992401, 1.2815148216769954, 1.3561779155185691, -0.48721731808419955, -1.3655165822879303, 1.0290294364571817, -0.7587756344715707, 0.6953912992972481, 0.06056671784830802, 1.2353529689797893, -0.8714373979513773, 1.0343448415578032, -0.6907014911348361, 1.6369330206159067, -0.26659033161752715, -0.30708817704895613, -0.7128838065765494]; Output: 0.9473095503799203; Delta: 0.0
 	Weights: [-0.1936378464586864, 0.20689597696557468, -0.15860874208160633, 1.0481294521619873, -1.2310692488038089, 0.8857247149766114, 0.08365740122475715, -0.634629482424866, 0.06125698340152749, 2.6641911762140373, 0.25299187117558875, -0.7388187841760201, -1.0710673390425103, -0.41398124902511074, -0.35435457991168495, -0.9464685118064246, -1.0726229354223558, -0.38759578718048066]; Output: 0; Delta: 0.0
 	Weights: [0.018735785083067752, -0.5543851369869124, -0.35669682181755913, -0.014248612344875537, 0.30755746198067674, 0.39334966344410044, 0.4787315685877538, 0.703390794183777, -0.5133945777942452, 0.6232686464222862, -2.0774959999199485, -0.21907633425229414, -0.1140403347139623, 0.5364060415418318, 0.34958411356024816, 1.0263074589664958, 0.7168183171015914, -1.355402371697693]; Output: 0; Delta: 0.0
 	Weights: [1.7444813807659159, 1.560131371666733, 0.7502682854403849, -0.014107592421087594, -0.11978586546678079, 0.7236168389983514, -0.22031187132200408, 0.1235803030772963, 0.35935627932077724, 1.4109390390271492, -0.7897615246207472, 0.3418526102748171, 1.4201258449684941, -0.005384780091280836, 2.236601888234264, -0.22968252249692422, 0.0869226607467224, 0.49416608218966673]; Output: 0.999856100997065; Delta: 0.0
 	Weights: [0.21704474916983663, 0.46003619293031117, -0.7391919865843712, 0.43204545476604983, -4.64146880390309, -0.8901435416095376, -0.254107030536359, 1.7448437834726516, -1.1595482295307862, -2.0540013327222386, -0.15154386880950077, -0.6195976221856936, -0.5987441611515201, 0.5255757261565213, -0.5912219159074393, -0.33295069212275863, 0.7528740506520705, 1.174538543798866]; Output: 0; Delta: 0.0
 	Weights: [-0.5965897676168204, -0.38287958871315625, -0.0731292646530416, -2.4307641626253136, -1.560666239161612, -2.301303116961349, -2.0919710117748096, -0.6771949899947345, -3.55507791516121, -3.6756572013266324, -0.44298149429892986, -0.0239456003843971, -2.5463142917053934, 1.3539044445195167, 0.6615784612283849, -1.5907111286797753, 0.03511458690953288, -3.032889509269159]; Output: 0; Delta: 0.0
 	Weights: [0.29978507938940746, 0.34189056519001304, -1.4658860037262245, -0.13238722047320814, -0.40295426272262913, -0.23431337700668584, 0.4029693598705833, -3.3118728556823895, 0.6042304633728418, 0.24571732725166925, -0.040764996661475164, -0.9912608884182971, 1.1169917222477104, -0.5847592056505417, -0.46582678668139044, 0.47207626468833525, -1.6503455131065523, 0.47024642771619707]; Output: 0.04574973687469819; Delta: 0.0
 	Weights: [-1.4636226936724133, -0.20160420932481285, -0.7442795050080732, -0.5705568133191029, -0.9595750791156854, -0.18989050795103754, 0.6299219646887925, 1.8674784135225817, -0.893379230650365, -0.16884773293360336, 0.28511174160850766, 0.6222151746690969, -0.8577836385505672, 0.5856652573607761, 0.3352735539465299, 1.8288851857078343, 0.7260289374596237, -1.2069657606955757]; Output: 0; Delta: 0.0
Layer 2
 	Weights: [0.4546237348594345, -0.583512575560603, 1.8737457160016946, -1.7847580993319612, 0.07358105239289442, 1.2888715349606779, -0.17411062183260212, -1.2874782442557977, 0.3596036390513674, 0.724641719332991, -0.15612782836277453, 1.4092634664505082, 0.1938280594496218, 0.2839814893673034, -0.9117608661301592, -0.9682895939751901, 1.261848950477125, -1.444794928875558]; Output: 0; Delta: 0.0
 	Weights: [0.318802861938113, -1.5764331322382414, 0.25013402918327543, -0.9724037471108464, -0.8442224429621015, 1.4288876961781953, -0.3896811629538465, -1.0446342142827711, -1.2449373543113358, 0.8238266911311323, -0.20559392623020994, -1.4280915164967687, 0.365746235903261, -0.08081207635322256, -1.6353771177460903, 0.5098867005287728, -0.14730146437127334, -0.05652401290189842]; Output: 0; Delta: 0.0
 	Weights: [-0.8465994773405054, -1.0830212948489308, 0.5319096281597805, 0.6809126693645374, -1.4695428411901872, -0.2624290438635573, 0.39882716446038413, 0.043379165545906984, -0.8320561322742247, 1.2751157048732396, 0.021957638171528796, 3.2653298441307315, -0.5174184610410996, -0.36230644639655235, 0.49442260092984186, 1.021817050903018, 1.287059041752362, -1.403950035997713]; Output: 0; Delta: 0.0
 	Weights: [0.8401632307086616, 1.4042812990715783, -0.5160871979779814, -1.4005125380610253, -0.7731613307430445, -0.5809654106652034, -0.4574125887235072, -1.237496543455001, -1.5983323526588664, -0.8405258251192765, -0.4017337104203555, -1.1941710382387023, -0.551239482358659, 1.149713399510325, -0.4396382896489443, 0.7368800569470434, 0.08229610922467276, -0.39528269155203655]; Output: 0; Delta: 0.0
 	Weights: [0.21779642707864408, 0.07614604545502032, -1.4212205308078931, 0.23457170084206896, -1.228711031712302, 1.0645553305640165, 1.4082858060926948, 0.36814551143900814, -1.5736398436577352, -0.5388738815867375, -2.083501384934639, -1.8292269913415937, -0.5061759978148209, -0.9874666279148812, 0.8125172239903928, 0.796175299154059, -0.37288939447843045, 1.6355981521439953]; Output: 0; Delta: 0.0
 	Weights: [0.22279144791426975, -0.010067004232661216, -0.017498222439254665, -0.8286621228528049, 1.299792574025869, -0.16293449524557357, 1.1162993706903073, 0.09210276434013841, 0.2647395033712143, -2.163727077842864, 0.13431764063397728, 1.1741646916994035, -0.6250007169201681, 1.7069896505086048, 1.9089920820126474, -1.7208677528820073, -1.591787738880765, -0.06329024285578846]; Output: 0.9990789868823364; Delta: 0.0
 	Weights: [0.2806662535006137, -0.10723263965217088, -0.3417823501450178, -0.7445304901362061, -2.2876331355809363, 0.7872332384598437, 0.8685867813569563, -2.311733659804726, -2.877466857314624, -0.8787957796320212, -0.568528718046444, -0.3497876799137979, 0.9241834361464756, 2.3385711113138608, -2.4350626361944965, 0.6551769013531853, -0.28321607126745224, -1.7738272044792553]; Output: 0; Delta: 0.0
 	Weights: [0.4922091109616503, -1.1175459803922452, -1.3921615911053289, 0.2166423498639786, -0.9384508090922543, 0.6836637990974194, 0.9097410740734355, 0.2797497205839338, -0.6493624925404385, -0.837439485084395, 0.9448270248399279, 0.6774663074811647, -0.35914693947444887, 0.5708368654408313, -0.18543247216318462, -0.30654389595116094, 2.1372054408999777, -0.2564012971546882]; Output: 0.25486459730439814; Delta: 0.0
 	Weights: [-0.9124466145452307, 1.8892942563578257, -0.4966785825309886, 0.12273320345472465, -0.25809612149577876, -0.8352742676894969, 0.651948264738437, 0.7170632999953611, -0.7778609842193592, 0.7727432838025751, 0.725536731838789, 0.6055222679420003, -1.4471827501531291, 0.9101426680375978, -0.6356303744967241, -1.057011127699159, -0.5480452212297559, -0.9973025009864693]; Output: 0; Delta: 0.0
 	Weights: [1.4877931600647085, 0.2519661442436024, -0.3910843753443354, -0.663474489518279, -0.3857690571786835, -0.522178126414525, -0.20832055862983645, 0.18277701852953365, -1.8203896227110161, -0.9211135634621713, -2.0983223591680957, -1.5410973096662417, 1.0721567320165528, 0.44859263240127567, -2.3785832884922695, 1.0391238871051411, -0.6277551747973413, 0.21326594075483127]; Output: 0; Delta: 0.0
 	Weights: [0.8175723323399828, -0.1440999149343391, -0.46667166750815803, 0.7570917023237921, -1.593763224235878, 0.5108445572246149, -2.3140199942713786, -0.2539343345734384, -1.343121634684289, -0.38635222785752465, -1.788957661168889, 1.0780511850528578, -0.67465070621859, 1.7769146270918665, -0.8003807766974405, -0.9161832710279789, 0.30508585115697273, -1.0873124292409415]; Output: 0; Delta: 0.0
 	Weights: [-0.27413207439237114, -1.7599702034261078, -0.8476137376798697, -0.4486501828775039, -0.09775702195354297, 0.44309613678935367, 1.166265326772904, 0.2586646708495388, -1.6080408618116586, 0.4135132779994862, 0.5064091137650896, 0.43553791858739277, 0.6881870935627037, 0.5435853349246916, 0.7676135108960829, 0.691442001375872, 0.23485784657204323, 0.49873651626614557]; Output: 0.1471764645598561; Delta: 0.0
 	Weights: [0.5044249771034331, -0.14311697899796955, 3.1545438085394837, 0.6410265522184873, -2.434823954346713, -0.18390854918168856, 1.2234165635327225, 1.6048299255911982, 0.017897663311479916, -1.6886376479180791, -0.25760002507231666, 0.685677998109461, -0.9107336731536569, 0.3746733404958054, 2.3358276037381054, 0.5520389935627014, 1.3485069630430244, 1.137636231865864]; Output: 0.9854339500239597; Delta: 0.0
 	Weights: [-0.5617113161126577, 0.764589638633908, 0.18260781782483482, 0.40162806625897723, -0.23332874307905874, 0.26128138602116835, 0.15342943687142105, 0.7444908740048668, -1.5389566692554297, -0.5862768686346631, 0.6878854450337666, -0.7170253172235083, -1.0106558205724852, 0.273871990626118, -0.39759650706626987, -1.6896610464175454, -0.17743589995412334, 1.4462377574792746]; Output: 0; Delta: 0.0
 	Weights: [0.2592033958053481, 1.1039082443747972, -0.8487999154692949, -1.6684262870089785, -1.4934082403741658, 0.7763423618020383, -0.509463491217977, -0.4344665762509685, 0.3749125749399931, -0.4082656772166813, -0.5026552177251506, 1.5254557467882826, 0.8332931675471418, 0.04392243609392493, -3.13588240764785, 0.0279763359282448, -0.10174169978757905, 0.734086078695938]; Output: 0.42074690998148934; Delta: 0.0
 	Weights: [1.0463675456692778, -0.041327120354998505, -0.3510647838795333, -0.5293956930521305, 0.02189413224552107, -0.8252380991676738, -0.8280629888849118, -0.11950726930298182, 0.17890863170102228, 0.4054657469124141, 1.544244465660095, -1.4251384170692911, -0.3737221508760773, -1.616944946221853, 0.13309869508386943, -0.5508693443450535, -0.15450079184210444, -0.7722201694281103]; Output: 0; Delta: 0.0
Layer 3
 	Weights: [0.04479091823761422, 0.14234426143420748, 0.5105682396414954, -1.3359061053381647, -0.12082187460691467, 1.039296772459995, -2.6513318365167247, -0.856442075254069, -0.38786773972973415, 0.6768673046970967, 0.03570714981189634, -0.2516753874140529, -0.2397876563119019, -0.048455041464347995, -1.0562330187226876, -0.4767378058873387, -0.2980415891128644]; Output: 0; Delta: 0.0

LOSS = 358.518094876144