Layer 0
 	Weights: [1.1738724966602332, -0.947724071556981, 1.7074656634029324, -0.29670898531033935, -0.33337362243091273, -1.9534579436850643, -1.039829483564215]; Output: 0.6512097993529384; Delta: -0.019130417280707943
 	Weights: [0.4604499557331168, -0.5315400317106237, -1.1003660853002168, 0.30874791235590504, 1.707416227854508, 1.074980089090212, 0.740761670231273]; Output: 0; Delta: 0.009312978879907874
 	Weights: [1.053669952672951, -1.5981862990608733, 2.179907218847978, 0.2804872911425685, 0.0958032947048648, 1.0598506401493026, -1.2210888626222574]; Output: 0.31411330750612887; Delta: 0.02278779744224856
 	Weights: [0.23164838395600387, 0.7996067083364673, 1.194867483948959, 0.8436453368147109, -0.4275565044407628, 0.8729496586062999, 2.7925211787440185]; Output: 0.9999002798926899; Delta: -2.6575195323828264e-06
 	Weights: [-1.940695388516933, 0.8957058379546096, -0.26288111977698714, 0.012582290376616697, 1.3037054288612622, 0.9611827788209361, 0.10423645785247532]; Output: 0; Delta: -0.0007600231577851576
 	Weights: [0.8727859204714935, 0.7902119330320551, 0.728221517608364, 0.32034864699925114, -0.45512250867281945, 0.33412913916418474, -1.0892242768702047]; Output: 0.8329177677299724; Delta: -0.016240033760635698
 	Weights: [-1.1360014807213703, -0.5834612871222001, 1.2230788178217629, 0.35031180252705574, 0.5421630474067856, -0.7471660569923609, 0.2401053988474692]; Output: 0; Delta: -0.003485783452445051
 	Weights: [0.4784470059938084, -2.1505587919062132, -0.7045190205347314, -0.6909388084109094, -1.178999524309788, 0.47401632888643214, -0.9970539919570637]; Output: 0; Delta: -0.021905193198919197
Layer 1
 	Weights: [1.022085048283805, 1.8874017467528819, 1.0116352855486561, -0.6715288399223508, 1.3191291161459255, -1.5107364125632659, 0.09253241873120706, 0.8079231225274941, 1.2849786562012546, -0.9341902689480412]; Output: 0; Delta: 0.013943164011381954
 	Weights: [1.1946785088168987, 0.1279989292612208, 1.3544280480546391, 1.0798698476997814, 0.7390809938490107, 0.08427806441302774, -0.6128150254155977, 1.3286774517562179, -2.753301714008199, 0.8245881938608363]; Output: 0.9965332656954327; Delta: -7.899488700386557e-06
 	Weights: [-1.0110909315758299, -0.5682389425384163, 1.7671803914872894, 0.12257962096188055, -0.9422743786346084, 0.9792040923525848, 2.408479686932048, -0.9370073908815985, 1.3967186667860245, 0.6470055487262198]; Output: 0.9018106544792688; Delta: -0.0021960417253247
 	Weights: [0.4617525811104603, -0.5651949869417283, -0.12669045316213712, 0.41968270184501255, -0.5217129812762253, -0.00490930538783303, -1.3630452851500194, 1.1449281976979464, -0.28151468434431687, 1.1620239610366354]; Output: 0.9506488766840846; Delta: 0.0003392108619167639
 	Weights: [0.3327385164254591, 0.2370576889736001, 0.47261982659986007, 0.18174686660583067, -0.7984361346674715, -0.5898021700468339, 1.3923736911921383, 0.5026273062637333, -0.25726573962709093, 0.2041613489921819]; Output: 0.2540823991917489; Delta: 0.005180713920347199
 	Weights: [-2.052597689147065, 0.6568314874137904, 1.207742413170651, -0.7240640018628525, -1.2056672397413777, -1.1831054164115262, -0.15113367491649485, -1.4099177575423045, -0.4702742030886346, 1.9463772251176035]; Output: 0; Delta: 0.014810878591774122
 	Weights: [-1.0328520634037504, -1.39263852092975, -0.18980064357165918, 0.6812419193599822, 0.4314885871246343, -0.438412152544865, -0.27120174920709694, -0.969811423448043, 0.9272017775962009, -0.5284117852836547]; Output: 0; Delta: 0.017682758143626846
 	Weights: [-0.9169335360318793, -1.5146193983267513, -0.664165988604116, -1.9841732867181188, -2.3036618549012333, -0.21434042725439026, 0.27302243191181785, -0.06166133057875299, -1.885617215506409, -1.6582657662324582]; Output: 0; Delta: 0.0028978947422164517
Layer 2
 	Weights: [-0.22813662863492448, -0.7610694902537302, 0.1576067311068612, -0.08788838176868592, 0.5156605873776219, -0.16329885658703427, 2.188545037822547, 0.7874116716789552, -0.5585759331250777, 0.32964306843774793]; Output: 0; Delta: -0.0024291837657606915
 	Weights: [1.3185407552167616, 0.5701291279055348, 1.220646992747169, 2.3553036868806108, 0.16473575623012848, -1.2115516130925803, -0.13610261187476475, -0.14290359632923927, 1.1252501819818002, 1.396941527108391]; Output: 0.9999546225509641; Delta: -3.8934415941454996e-07
 	Weights: [0.8011999666886689, -0.4057407054036857, -0.9471392099334465, 0.03920376755443977, 0.44785083502242795, 0.8925732141793641, 1.3544793668455706, 0.48970957895931, 2.365014763428915, 0.34749641413746246]; Output: 0; Delta: 0.014805352638963648
 	Weights: [-0.44812209186275315, -1.7164748417844178, -0.376991126624915, -0.766271450613315, 0.4764643986111556, 0.15648481289862207, -0.16800363063738286, -0.07099392546656164, 1.2683531899549518, 0.1242586045639862]; Output: 0; Delta: -0.004024783849367959
 	Weights: [-0.8448898089427779, -0.05668357372765407, 0.48876097411865654, 1.138210400779036, -1.6754058466803374, 0.12187936480016245, 2.1028663264568093, 0.9248049361255042, 1.0773754669588944, 0.3849886470429922]; Output: 0.89076522807976; Delta: -0.0018842357463286108
 	Weights: [0.11603228405504461, -0.9750757304985809, -0.33704967943789016, 0.7996213115826257, 0.9170255019746058, -0.3979208891834769, -1.050499224690411, 1.049290538141493, 0.7189969421815923, 2.058178307452388]; Output: 0.9442293987035875; Delta: -0.0003966675850504318
 	Weights: [-0.2342616180192162, -0.8114681604165992, 1.5599416085474929, 0.7283303457390656, -0.3675042805531259, 0.49431384122249694, 0.1216875937512433, -0.395634124864245, -0.5105208922773575, 0.9093143607591954]; Output: 0.9708246374510658; Delta: 0.0014662962145138058
 	Weights: [-0.3838608262520046, -0.824576876711338, -0.06698706380574969, 0.2682117430672433, -0.04632117427085427, 0.30521878296745586, 1.4633050150142246, 0.0034879852252389537, -0.3646615830568649, -0.2819501984237036]; Output: 0; Delta: 0.0038519153952266787
Layer 3
 	Weights: [-0.1792769044048576, -0.3156055013617429, 1.0926541775667267, -0.2970342547087635, -0.6740030124630962, -0.2698223682146534, 1.877125993397796, 0.2842763391634169, -0.6379101551135772]; Output: 0.013705309057151727; Delta: 0.01354989798504615

LOSS = 395.91731107749916